88 1560343758 0.200000 -1.000000 -101.000000 0.000000 0.000000
88 1560343759 0.200000 -1.000000 -101.000000 0.000000 0.000000
88 1560343760 0.200000 -1.000000 -101.000000 0.000000 0.000000
88 1560343761 0.200000 -1.000000 -101.000000 0.000000 0.000000
88 1560343762 0.200000 -1.000000 -101.000000 0.000000 0.000000
88 1560343763 2.600000 -1.000000 -101.000000 0.000000 0.000000
88 1560343764 2.600000 -1.000000 -101.000000 0.000000 0.000000
88 1560343765 2.600000 -1.000000 -101.000000 0.000000 0.000000
88 1560343766 2.600000 -1.000000 -101.000000 0.000000 0.000000
88 1560343767 2.600000 -1.000000 -101.000000 0.000000 0.000000
88 1560343768 0.200000 -1.000000 -101.000000 0.000000 0.000000
88 1560343769 0.200000 -1.000000 -101.000000 0.000000 0.000000
88 1560343770 0.200000 -1.000000 -101.000000 0.000000 0.000000
88 1560343771 0.200000 -1.000000 -101.000000 0.000000 0.000000
88 1560343772 0.200000 -1.000000 -101.000000 0.000000 0.000000
88 1560343773 4.000000 -1.000000 -101.000000 0.000000 0.000000
88 1560343774 4.000000 -1.000000 -101.000000 0.000000 0.000000
97 1560343773 0.200000 -1.000000 -101.000000 0.000000 0.000000
97 1560343774 0.200000 -1.000000 -101.000000 0.000000 0.000000
88 1560343775 4.000000 -1.000000 -101.000000 0.000000 0.000000
88 1560343776 4.000000 -1.000000 -101.000000 0.000000 0.000000
88 1560343777 4.000000 -1.000000 -101.000000 0.000000 0.000000
88 1560343778 2.000000 -1.000000 -101.000000 0.000000 0.000000
88 1560343779 2.000000 -1.000000 -101.000000 0.000000 0.000000
88 1560343780 2.000000 -1.000000 -101.000000 0.000000 0.000000
88 1560343781 2.000000 -1.000000 -101.000000 0.000000 0.000000
88 1560343782 2.000000 -1.000000 -101.000000 0.000000 0.000000
88 1560343783 2.600000 -1.000000 -101.000000 0.000000 0.000000
88 1560343784 2.600000 -1.000000 -101.000000 0.000000 0.000000
97 1560343775 0.200000 -1.000000 -101.000000 0.000000 0.000000
97 1560343776 0.200000 -1.000000 -101.000000 0.000000 0.000000
97 1560343777 0.200000 -1.000000 -101.000000 0.000000 0.000000
97 1560343778 0.400000 -1.000000 -101.000000 0.000000 0.000000
97 1560343779 0.400000 -1.000000 -101.000000 0.000000 0.000000
97 1560343780 0.400000 -1.000000 -101.000000 0.000000 0.000000
97 1560343781 0.400000 -1.000000 -101.000000 0.000000 0.000000
97 1560343782 0.400000 -1.000000 -101.000000 0.000000 0.000000
88 1560343785 2.600000 -1.000000 -101.000000 0.000000 0.000000
88 1560343786 2.600000 -1.000000 -101.000000 0.000000 0.000000
88 1560343787 2.600000 -1.000000 -101.000000 0.000000 0.000000
88 1560343788 0.800000 -1.000000 -101.000000 0.000000 0.000000
88 1560343789 0.800000 -1.000000 -101.000000 0.000000 0.000000
97 1560343788 0.200000 -1.000000 -101.000000 0.000000 0.000000
97 1560343789 0.200000 -1.000000 -101.000000 0.000000 0.000000
88 1560343790 0.800000 -1.000000 -101.000000 0.000000 0.000000
88 1560343791 0.800000 -1.000000 -101.000000 0.000000 0.000000
88 1560343792 0.800000 -1.000000 -101.000000 0.000000 0.000000
88 1560343793 7.200000 -1.000000 -101.000000 0.000000 0.000000
88 1560343794 7.200000 -1.000000 -101.000000 0.000000 0.000000
97 1560343790 0.200000 -1.000000 -101.000000 0.000000 0.000000
97 1560343791 0.200000 -1.000000 -101.000000 0.000000 0.000000
97 1560343792 0.200000 -1.000000 -101.000000 0.000000 0.000000
97 1560343793 0.200000 -1.000000 -101.000000 0.000000 0.000000
97 1560343794 0.200000 -1.000000 -101.000000 0.000000 0.000000
88 1560343795 7.200000 -1.000000 -101.000000 0.000000 0.000000
88 1560343796 7.200000 -1.000000 -101.000000 0.000000 0.000000
88 1560343797 7.200000 -1.000000 -101.000000 0.000000 0.000000
88 1560343798 4.000000 -1.000000 -101.000000 0.000000 0.000000
88 1560343799 4.000000 -1.000000 -101.000000 0.000000 0.000000
97 1560343795 0.200000 -1.000000 -101.000000 0.000000 0.000000
97 1560343796 0.200000 -1.000000 -101.000000 0.000000 0.000000
97 1560343797 0.200000 -1.000000 -101.000000 0.000000 0.000000
88 1560343800 4.000000 -1.000000 -101.000000 0.000000 0.000000
88 1560343801 4.000000 -1.000000 -101.000000 0.000000 0.000000
88 1560343802 4.000000 -1.000000 -101.000000 0.000000 0.000000
88 1560343803 3.200000 -1.000000 -101.000000 0.000000 0.000000
88 1560343804 3.200000 -1.000000 -101.000000 0.000000 0.000000
97 1560343803 0.400000 -1.000000 -101.000000 0.000000 0.000000
97 1560343804 0.400000 -1.000000 -101.000000 0.000000 0.000000
88 1560343805 3.200000 -1.000000 -101.000000 0.000000 0.000000
88 1560343806 3.200000 -1.000000 -101.000000 0.000000 0.000000
88 1560343807 3.200000 -1.000000 -101.000000 0.000000 0.000000
88 1560343808 2.000000 -1.000000 -101.000000 0.000000 0.000000
88 1560343809 2.000000 -1.000000 -101.000000 0.000000 0.000000
97 1560343805 0.400000 -1.000000 -101.000000 0.000000 0.000000
97 1560343806 0.400000 -1.000000 -101.000000 0.000000 0.000000
97 1560343807 0.400000 -1.000000 -101.000000 0.000000 0.000000
97 1560343808 0.200000 -1.000000 -101.000000 0.000000 0.000000
97 1560343809 0.200000 -1.000000 -101.000000 0.000000 0.000000
88 1560343810 2.000000 -1.000000 -101.000000 0.000000 0.000000
88 1560343811 2.000000 -1.000000 -101.000000 0.000000 0.000000
88 1560343812 2.000000 -1.000000 -101.000000 0.000000 0.000000
88 1560343813 8.400000 -1.000000 -101.000000 0.000000 0.000000
88 1560343814 8.400000 -1.000000 -101.000000 0.000000 0.000000
97 1560343810 0.200000 -1.000000 -101.000000 0.000000 0.000000
97 1560343811 0.200000 -1.000000 -101.000000 0.000000 0.000000
97 1560343812 0.200000 -1.000000 -101.000000 0.000000 0.000000
97 1560343813 0.800000 -1.000000 -101.000000 0.000000 0.000000
97 1560343814 0.800000 -1.000000 -101.000000 0.000000 0.000000
88 1560343815 8.400000 -1.000000 -101.000000 0.000000 0.000000
88 1560343816 8.400000 -1.000000 -101.000000 0.000000 0.000000
88 1560343817 8.400000 -1.000000 -101.000000 0.000000 0.000000
88 1560343818 5.600000 -1.000000 -101.000000 0.000000 0.000000
88 1560343819 5.600000 -1.000000 -101.000000 0.000000 0.000000
97 1560343815 0.800000 -1.000000 -101.000000 0.000000 0.000000
97 1560343816 0.800000 -1.000000 -101.000000 0.000000 0.000000
97 1560343817 0.800000 -1.000000 -101.000000 0.000000 0.000000
97 1560343818 0.200000 -1.000000 -101.000000 0.000000 0.000000
97 1560343819 0.200000 -1.000000 -101.000000 0.000000 0.000000
88 1560343820 5.600000 -1.000000 -101.000000 0.000000 0.000000
88 1560343821 5.600000 -1.000000 -101.000000 0.000000 0.000000
88 1560343822 5.600000 -1.000000 -101.000000 0.000000 0.000000
88 1560343823 5.800000 -1.000000 -101.000000 0.000000 0.000000
88 1560343824 5.800000 -1.000000 -101.000000 0.000000 0.000000
97 1560343820 0.200000 -1.000000 -101.000000 0.000000 0.000000
97 1560343821 0.200000 -1.000000 -101.000000 0.000000 0.000000
97 1560343822 0.200000 -1.000000 -101.000000 0.000000 0.000000
97 1560343823 0.400000 -1.000000 -101.000000 0.000000 0.000000
97 1560343824 0.400000 -1.000000 -101.000000 0.000000 0.000000
88 1560343825 5.800000 -1.000000 -101.000000 0.000000 0.000000
88 1560343826 5.800000 -1.000000 -101.000000 0.000000 0.000000
88 1560343827 5.800000 -1.000000 -101.000000 0.000000 0.000000
88 1560343828 5.000000 -1.000000 -101.000000 0.000000 0.000000
88 1560343829 5.000000 -1.000000 -101.000000 0.000000 0.000000
97 1560343825 0.400000 -1.000000 -101.000000 0.000000 0.000000
97 1560343826 0.400000 -1.000000 -101.000000 0.000000 0.000000
97 1560343827 0.400000 -1.000000 -101.000000 0.000000 0.000000
97 1560343828 0.600000 -1.000000 -101.000000 0.000000 0.000000
97 1560343829 0.600000 -1.000000 -101.000000 0.000000 0.000000
88 1560343830 5.000000 -1.000000 -101.000000 0.000000 0.000000
88 1560343831 5.000000 -1.000000 -101.000000 0.000000 0.000000
88 1560343832 5.000000 -1.000000 -101.000000 0.000000 0.000000
88 1560343833 4.200000 -1.000000 -101.000000 0.000000 0.000000
88 1560343834 4.200000 -1.000000 -101.000000 0.000000 0.000000
97 1560343830 0.600000 -1.000000 -101.000000 0.000000 0.000000
97 1560343831 0.600000 -1.000000 -101.000000 0.000000 0.000000
97 1560343832 0.600000 -1.000000 -101.000000 0.000000 0.000000
97 1560343833 0.400000 -1.000000 -101.000000 0.000000 0.000000
97 1560343834 0.400000 -1.000000 -101.000000 0.000000 0.000000
88 1560343835 4.200000 -1.000000 -101.000000 0.000000 0.000000
88 1560343836 4.200000 -1.000000 -101.000000 0.000000 0.000000
88 1560343837 4.200000 -1.000000 -101.000000 0.000000 0.000000
88 1560343838 9.200000 -1.000000 -101.000000 0.000000 0.000000
88 1560343839 9.200000 -1.000000 -101.000000 0.000000 0.000000
97 1560343835 0.400000 -1.000000 -101.000000 0.000000 0.000000
97 1560343836 0.400000 -1.000000 -101.000000 0.000000 0.000000
97 1560343837 0.400000 -1.000000 -101.000000 0.000000 0.000000
88 1560343840 9.200000 -1.000000 -101.000000 0.000000 0.000000
88 1560343841 9.200000 -1.000000 -101.000000 0.000000 0.000000
88 1560343842 9.200000 -1.000000 -101.000000 0.000000 0.000000
88 1560343843 7.200000 -1.000000 -101.000000 0.000000 0.000000
88 1560343844 7.200000 -1.000000 -101.000000 0.000000 0.000000
97 1560343843 0.400000 -1.000000 -101.000000 0.000000 0.000000
97 1560343844 0.400000 -1.000000 -101.000000 0.000000 0.000000
88 1560343845 7.200000 -1.000000 -101.000000 0.000000 0.000000
88 1560343846 7.200000 -1.000000 -101.000000 0.000000 0.000000
88 1560343847 7.200000 -1.000000 -101.000000 0.000000 0.000000
88 1560343848 8.600000 -1.000000 -101.000000 0.000000 0.000000
88 1560343849 8.600000 -1.000000 -101.000000 0.000000 0.000000
97 1560343845 0.400000 -1.000000 -101.000000 0.000000 0.000000
97 1560343846 0.400000 -1.000000 -101.000000 0.000000 0.000000
97 1560343847 0.400000 -1.000000 -101.000000 0.000000 0.000000
97 1560343848 1.200000 -1.000000 -101.000000 0.000000 0.000000
97 1560343849 1.200000 -1.000000 -101.000000 0.000000 0.000000
88 1560343850 8.600000 -1.000000 -101.000000 0.000000 0.000000
88 1560343851 8.600000 -1.000000 -101.000000 0.000000 0.000000
88 1560343852 8.600000 -1.000000 -101.000000 0.000000 0.000000
88 1560343853 6.200000 -1.000000 -101.000000 0.000000 0.000000
88 1560343854 6.200000 -1.000000 -101.000000 0.000000 0.000000
97 1560343850 1.200000 -1.000000 -101.000000 0.000000 0.000000
97 1560343851 1.200000 -1.000000 -101.000000 0.000000 0.000000
97 1560343852 1.200000 -1.000000 -101.000000 0.000000 0.000000
97 1560343853 0.400000 -1.000000 -101.000000 0.000000 0.000000
97 1560343854 0.400000 -1.000000 -101.000000 0.000000 0.000000
88 1560343855 6.200000 -1.000000 -101.000000 0.000000 0.000000
88 1560343856 6.200000 -1.000000 -101.000000 0.000000 0.000000
88 1560343857 6.200000 -1.000000 -101.000000 0.000000 0.000000
88 1560343858 7.000000 -1.000000 -101.000000 0.000000 0.000000
88 1560343859 7.000000 -1.000000 -101.000000 0.000000 0.000000
97 1560343855 0.400000 -1.000000 -101.000000 0.000000 0.000000
97 1560343856 0.400000 -1.000000 -101.000000 0.000000 0.000000
97 1560343857 0.400000 -1.000000 -101.000000 0.000000 0.000000
97 1560343858 1.000000 -1.000000 -101.000000 0.000000 0.000000
97 1560343859 1.000000 -1.000000 -101.000000 0.000000 0.000000
88 1560343860 7.000000 -1.000000 -101.000000 0.000000 0.000000
88 1560343861 7.000000 -1.000000 -101.000000 0.000000 0.000000
88 1560343862 7.000000 -1.000000 -101.000000 0.000000 0.000000
88 1560343863 6.400000 -1.000000 -101.000000 0.000000 0.000000
88 1560343864 6.400000 -1.000000 -101.000000 0.000000 0.000000
97 1560343860 1.000000 -1.000000 -101.000000 0.000000 0.000000
97 1560343861 1.000000 -1.000000 -101.000000 0.000000 0.000000
97 1560343862 1.000000 -1.000000 -101.000000 0.000000 0.000000
97 1560343863 0.400000 -1.000000 -101.000000 0.000000 0.000000
97 1560343864 0.400000 -1.000000 -101.000000 0.000000 0.000000
88 1560343865 6.400000 -1.000000 -101.000000 0.000000 0.000000
88 1560343866 6.400000 -1.000000 -101.000000 0.000000 0.000000
88 1560343867 6.400000 -1.000000 -101.000000 0.000000 0.000000
88 1560343868 8.800000 -1.000000 -101.000000 0.000000 0.000000
88 1560343869 8.800000 -1.000000 -101.000000 0.000000 0.000000
97 1560343865 0.400000 -1.000000 -101.000000 0.000000 0.000000
97 1560343866 0.400000 -1.000000 -101.000000 0.000000 0.000000
97 1560343867 0.400000 -1.000000 -101.000000 0.000000 0.000000
97 1560343868 0.800000 -1.000000 -101.000000 0.000000 0.000000
97 1560343869 0.800000 -1.000000 -101.000000 0.000000 0.000000
88 1560343870 8.800000 -1.000000 -101.000000 0.000000 0.000000
88 1560343871 8.800000 -1.000000 -101.000000 0.000000 0.000000
88 1560343872 8.800000 -1.000000 -101.000000 0.000000 0.000000
88 1560343873 9.800000 -1.000000 -101.000000 0.000000 0.000000
88 1560343874 9.800000 -1.000000 -101.000000 0.000000 0.000000
97 1560343870 0.800000 -1.000000 -101.000000 0.000000 0.000000
97 1560343871 0.800000 -1.000000 -101.000000 0.000000 0.000000
97 1560343872 0.800000 -1.000000 -101.000000 0.000000 0.000000
97 1560343873 0.400000 -1.000000 -101.000000 0.000000 0.000000
97 1560343874 0.400000 -1.000000 -101.000000 0.000000 0.000000
88 1560343875 9.800000 -1.000000 -101.000000 0.000000 0.000000
88 1560343876 9.800000 -1.000000 -101.000000 0.000000 0.000000
88 1560343877 9.800000 -1.000000 -101.000000 0.000000 0.000000
88 1560343878 9.600000 -1.000000 -101.000000 0.000000 0.000000
88 1560343879 9.600000 -1.000000 -101.000000 0.000000 0.000000
97 1560343875 0.400000 -1.000000 -101.000000 0.000000 0.000000
97 1560343876 0.400000 -1.000000 -101.000000 0.000000 0.000000
97 1560343877 0.400000 -1.000000 -101.000000 0.000000 0.000000
97 1560343878 0.600000 -1.000000 -101.000000 0.000000 0.000000
97 1560343879 0.600000 -1.000000 -101.000000 0.000000 0.000000
88 1560343880 9.600000 -1.000000 -101.000000 0.000000 0.000000
88 1560343881 9.600000 -1.000000 -101.000000 0.000000 0.000000
88 1560343882 9.600000 -1.000000 -101.000000 0.000000 0.000000
88 1560343883 2.400000 -1.000000 -101.000000 0.000000 0.000000
88 1560343884 2.400000 -1.000000 -101.000000 0.000000 0.000000
97 1560343880 0.600000 -1.000000 -101.000000 0.000000 0.000000
97 1560343881 0.600000 -1.000000 -101.000000 0.000000 0.000000
97 1560343882 0.600000 -1.000000 -101.000000 0.000000 0.000000
97 1560343883 0.600000 -1.000000 -101.000000 0.000000 0.000000
97 1560343884 0.600000 -1.000000 -101.000000 0.000000 0.000000
88 1560343885 2.400000 -1.000000 -101.000000 0.000000 0.000000
88 1560343886 2.400000 -1.000000 -101.000000 0.000000 0.000000
88 1560343887 2.400000 -1.000000 -101.000000 0.000000 0.000000
88 1560343888 6.400000 -1.000000 -101.000000 0.000000 0.000000
88 1560343889 6.400000 -1.000000 -101.000000 0.000000 0.000000
97 1560343885 0.600000 -1.000000 -101.000000 0.000000 0.000000
97 1560343886 0.600000 -1.000000 -101.000000 0.000000 0.000000
97 1560343887 0.600000 -1.000000 -101.000000 0.000000 0.000000
97 1560343888 0.800000 -1.000000 -101.000000 0.000000 0.000000
97 1560343889 0.800000 -1.000000 -101.000000 0.000000 0.000000
88 1560343890 6.400000 -1.000000 -101.000000 0.000000 0.000000
88 1560343891 6.400000 -1.000000 -101.000000 0.000000 0.000000
88 1560343892 6.400000 -1.000000 -101.000000 0.000000 0.000000
88 1560343893 6.200000 -1.000000 -101.000000 0.000000 0.000000
88 1560343894 6.200000 -1.000000 -101.000000 0.000000 0.000000
97 1560343890 0.800000 -1.000000 -101.000000 0.000000 0.000000
97 1560343891 0.800000 -1.000000 -101.000000 0.000000 0.000000
97 1560343892 0.800000 -1.000000 -101.000000 0.000000 0.000000
97 1560343893 0.400000 -1.000000 -101.000000 0.000000 0.000000
97 1560343894 0.400000 -1.000000 -101.000000 0.000000 0.000000
88 1560343895 6.200000 -1.000000 -101.000000 0.000000 0.000000
88 1560343896 6.200000 -1.000000 -101.000000 0.000000 0.000000
88 1560343897 6.200000 -1.000000 -101.000000 0.000000 0.000000
88 1560343898 9.400000 -1.000000 -101.000000 0.000000 0.000000
88 1560343899 9.400000 -1.000000 -101.000000 0.000000 0.000000
97 1560343895 0.400000 -1.000000 -101.000000 0.000000 0.000000
97 1560343896 0.400000 -1.000000 -101.000000 0.000000 0.000000
97 1560343897 0.400000 -1.000000 -101.000000 0.000000 0.000000
97 1560343898 0.600000 -1.000000 -101.000000 0.000000 0.000000
97 1560343899 0.600000 -1.000000 -101.000000 0.000000 0.000000
88 1560343900 9.400000 -1.000000 -101.000000 0.000000 0.000000
88 1560343901 9.400000 -1.000000 -101.000000 0.000000 0.000000
88 1560343902 9.400000 -1.000000 -101.000000 0.000000 0.000000
88 1560343903 7.000000 -1.000000 -101.000000 0.000000 0.000000
88 1560343904 7.000000 -1.000000 -101.000000 0.000000 0.000000
97 1560343900 0.600000 -1.000000 -101.000000 0.000000 0.000000
97 1560343901 0.600000 -1.000000 -101.000000 0.000000 0.000000
97 1560343902 0.600000 -1.000000 -101.000000 0.000000 0.000000
97 1560343903 0.600000 -1.000000 -101.000000 0.000000 0.000000
97 1560343904 0.600000 -1.000000 -101.000000 0.000000 0.000000
88 1560343905 7.000000 -1.000000 -101.000000 0.000000 0.000000
88 1560343906 7.000000 -1.000000 -101.000000 0.000000 0.000000
88 1560343907 7.000000 -1.000000 -101.000000 0.000000 0.000000
88 1560343908 7.200000 -1.000000 -101.000000 0.000000 0.000000
88 1560343909 7.200000 -1.000000 -101.000000 0.000000 0.000000
97 1560343905 0.600000 -1.000000 -101.000000 0.000000 0.000000
97 1560343906 0.600000 -1.000000 -101.000000 0.000000 0.000000
97 1560343907 0.600000 -1.000000 -101.000000 0.000000 0.000000
97 1560343908 0.600000 -1.000000 -101.000000 0.000000 0.000000
97 1560343909 0.600000 -1.000000 -101.000000 0.000000 0.000000
88 1560343910 7.200000 -1.000000 -101.000000 0.000000 0.000000
88 1560343911 7.200000 -1.000000 -101.000000 0.000000 0.000000
88 1560343912 7.200000 -1.000000 -101.000000 0.000000 0.000000
88 1560343913 6.600000 -1.000000 -101.000000 0.000000 0.000000
88 1560343914 6.600000 -1.000000 -101.000000 0.000000 0.000000
97 1560343910 0.600000 -1.000000 -101.000000 0.000000 0.000000
97 1560343911 0.600000 -1.000000 -101.000000 0.000000 0.000000
97 1560343912 0.600000 -1.000000 -101.000000 0.000000 0.000000
97 1560343913 0.400000 -1.000000 -101.000000 0.000000 0.000000
97 1560343914 0.400000 -1.000000 -101.000000 0.000000 0.000000
88 1560343915 6.600000 -1.000000 -101.000000 0.000000 0.000000
88 1560343916 6.600000 -1.000000 -101.000000 0.000000 0.000000
88 1560343917 6.600000 -1.000000 -101.000000 0.000000 0.000000
88 1560343918 11.000000 -1.000000 -101.000000 0.000000 0.000000
88 1560343919 11.000000 -1.000000 -101.000000 0.000000 0.000000
97 1560343915 0.400000 -1.000000 -101.000000 0.000000 0.000000
97 1560343916 0.400000 -1.000000 -101.000000 0.000000 0.000000
97 1560343917 0.400000 -1.000000 -101.000000 0.000000 0.000000
97 1560343918 1.200000 -1.000000 -101.000000 0.000000 0.000000
97 1560343919 1.200000 -1.000000 -101.000000 0.000000 0.000000
88 1560343920 11.000000 -1.000000 -101.000000 0.000000 0.000000
88 1560343921 11.000000 -1.000000 -101.000000 0.000000 0.000000
88 1560343922 11.000000 -1.000000 -101.000000 0.000000 0.000000
88 1560343923 5.800000 -1.000000 -101.000000 0.000000 0.000000
88 1560343924 5.800000 -1.000000 -101.000000 0.000000 0.000000
97 1560343920 1.200000 -1.000000 -101.000000 0.000000 0.000000
97 1560343921 1.200000 -1.000000 -101.000000 0.000000 0.000000
97 1560343922 1.200000 -1.000000 -101.000000 0.000000 0.000000
97 1560343923 0.600000 -1.000000 -101.000000 0.000000 0.000000
97 1560343924 0.600000 -1.000000 -101.000000 0.000000 0.000000
88 1560343925 5.800000 -1.000000 -101.000000 0.000000 0.000000
88 1560343926 5.800000 -1.000000 -101.000000 0.000000 0.000000
88 1560343927 5.800000 -1.000000 -101.000000 0.000000 0.000000
88 1560343928 4.800000 -1.000000 -101.000000 0.000000 0.000000
88 1560343929 4.800000 -1.000000 -101.000000 0.000000 0.000000
97 1560343925 0.600000 -1.000000 -101.000000 0.000000 0.000000
97 1560343926 0.600000 -1.000000 -101.000000 0.000000 0.000000
97 1560343927 0.600000 -1.000000 -101.000000 0.000000 0.000000
97 1560343928 0.200000 -1.000000 -101.000000 0.000000 0.000000
97 1560343929 0.200000 -1.000000 -101.000000 0.000000 0.000000
88 1560343930 4.800000 -1.000000 -101.000000 0.000000 0.000000
88 1560343931 4.800000 -1.000000 -101.000000 0.000000 0.000000
88 1560343932 4.800000 -1.000000 -101.000000 0.000000 0.000000
88 1560343933 12.000000 -1.000000 -101.000000 0.000000 0.000000
88 1560343934 12.000000 -1.000000 -101.000000 0.000000 0.000000
97 1560343930 0.200000 -1.000000 -101.000000 0.000000 0.000000
97 1560343931 0.200000 -1.000000 -101.000000 0.000000 0.000000
97 1560343932 0.200000 -1.000000 -101.000000 0.000000 0.000000
97 1560343933 0.800000 -1.000000 -101.000000 0.000000 0.000000
97 1560343934 0.800000 -1.000000 -101.000000 0.000000 0.000000
88 1560343935 12.000000 -1.000000 -101.000000 0.000000 0.000000
88 1560343936 12.000000 -1.000000 -101.000000 0.000000 0.000000
88 1560343937 12.000000 -1.000000 -101.000000 0.000000 0.000000
88 1560343938 6.400000 -1.000000 -101.000000 0.000000 0.000000
88 1560343939 6.400000 -1.000000 -101.000000 0.000000 0.000000
88 1560343940 6.400000 -1.000000 -101.000000 0.000000 0.000000
88 1560343941 6.400000 -1.000000 -101.000000 0.000000 0.000000
88 1560343942 6.400000 -1.000000 -101.000000 0.000000 0.000000
88 1560343943 2.800000 -1.000000 -101.000000 0.000000 0.000000
88 1560343944 2.800000 -1.000000 -101.000000 0.000000 0.000000
97 1560343935 0.800000 -1.000000 -101.000000 0.000000 0.000000
97 1560343936 0.800000 -1.000000 -101.000000 0.000000 0.000000
97 1560343937 0.800000 -1.000000 -101.000000 0.000000 0.000000
97 1560343938 0.600000 -1.000000 -101.000000 0.000000 0.000000
97 1560343939 0.600000 -1.000000 -101.000000 0.000000 0.000000
97 1560343940 0.600000 -1.000000 -101.000000 0.000000 0.000000
97 1560343941 0.600000 -1.000000 -101.000000 0.000000 0.000000
97 1560343942 0.600000 -1.000000 -101.000000 0.000000 0.000000
97 1560343943 0.400000 -1.000000 -101.000000 0.000000 0.000000
97 1560343944 0.400000 -1.000000 -101.000000 0.000000 0.000000
88 1560343945 2.800000 -1.000000 -101.000000 0.000000 0.000000
88 1560343946 2.800000 -1.000000 -101.000000 0.000000 0.000000
88 1560343947 2.800000 -1.000000 -101.000000 0.000000 0.000000
88 1560343948 4.200000 -1.000000 -101.000000 0.000000 0.000000
88 1560343949 4.200000 -1.000000 -101.000000 0.000000 0.000000
97 1560343945 0.400000 -1.000000 -101.000000 0.000000 0.000000
97 1560343946 0.400000 -1.000000 -101.000000 0.000000 0.000000
97 1560343947 0.400000 -1.000000 -101.000000 0.000000 0.000000
97 1560343948 0.200000 -1.000000 -101.000000 0.000000 0.000000
97 1560343949 0.200000 -1.000000 -101.000000 0.000000 0.000000
88 1560343950 4.200000 -1.000000 -101.000000 0.000000 0.000000
88 1560343951 4.200000 -1.000000 -101.000000 0.000000 0.000000
88 1560343952 4.200000 -1.000000 -101.000000 0.000000 0.000000
88 1560343953 11.800000 -1.000000 -101.000000 0.000000 0.000000
88 1560343954 11.800000 -1.000000 -101.000000 0.000000 0.000000
97 1560343950 0.200000 -1.000000 -101.000000 0.000000 0.000000
97 1560343951 0.200000 -1.000000 -101.000000 0.000000 0.000000
97 1560343952 0.200000 -1.000000 -101.000000 0.000000 0.000000
97 1560343953 0.800000 -1.000000 -101.000000 0.000000 0.000000
97 1560343954 0.800000 -1.000000 -101.000000 0.000000 0.000000
88 1560343955 11.800000 -1.000000 -101.000000 0.000000 0.000000
88 1560343956 11.800000 -1.000000 -101.000000 0.000000 0.000000
88 1560343957 11.800000 -1.000000 -101.000000 0.000000 0.000000
88 1560343958 3.200000 -1.000000 -101.000000 0.000000 0.000000
88 1560343959 3.200000 -1.000000 -101.000000 0.000000 0.000000
97 1560343955 0.800000 -1.000000 -101.000000 0.000000 0.000000
97 1560343956 0.800000 -1.000000 -101.000000 0.000000 0.000000
97 1560343957 0.800000 -1.000000 -101.000000 0.000000 0.000000
97 1560343958 0.800000 -1.000000 -101.000000 0.000000 0.000000
97 1560343959 0.800000 -1.000000 -101.000000 0.000000 0.000000
88 1560343960 3.200000 -1.000000 -101.000000 0.000000 0.000000
88 1560343961 3.200000 -1.000000 -101.000000 0.000000 0.000000
88 1560343962 3.200000 -1.000000 -101.000000 0.000000 0.000000
88 1560343963 6.600000 -1.000000 -101.000000 0.000000 0.000000
88 1560343964 6.600000 -1.000000 -101.000000 0.000000 0.000000
97 1560343960 0.800000 -1.000000 -101.000000 0.000000 0.000000
97 1560343961 0.800000 -1.000000 -101.000000 0.000000 0.000000
97 1560343962 0.800000 -1.000000 -101.000000 0.000000 0.000000
97 1560343963 0.200000 -1.000000 -101.000000 0.000000 0.000000
97 1560343964 0.200000 -1.000000 -101.000000 0.000000 0.000000
88 1560343965 6.600000 -1.000000 -101.000000 0.000000 0.000000
88 1560343966 6.600000 -1.000000 -101.000000 0.000000 0.000000
88 1560343967 6.600000 -1.000000 -101.000000 0.000000 0.000000
88 1560343968 9.000000 -1.000000 -101.000000 0.000000 0.000000
88 1560343969 9.000000 -1.000000 -101.000000 0.000000 0.000000
97 1560343965 0.200000 -1.000000 -101.000000 0.000000 0.000000
97 1560343966 0.200000 -1.000000 -101.000000 0.000000 0.000000
97 1560343967 0.200000 -1.000000 -101.000000 0.000000 0.000000
97 1560343968 0.400000 -1.000000 -101.000000 0.000000 0.000000
97 1560343969 0.400000 -1.000000 -101.000000 0.000000 0.000000
88 1560343970 9.000000 -1.000000 -101.000000 0.000000 0.000000
88 1560343971 9.000000 -1.000000 -101.000000 0.000000 0.000000
88 1560343972 9.000000 -1.000000 -101.000000 0.000000 0.000000
88 1560343973 6.000000 -1.000000 -101.000000 0.000000 0.000000
88 1560343974 6.000000 -1.000000 -101.000000 0.000000 0.000000
97 1560343970 0.400000 -1.000000 -101.000000 0.000000 0.000000
97 1560343971 0.400000 -1.000000 -101.000000 0.000000 0.000000
97 1560343972 0.400000 -1.000000 -101.000000 0.000000 0.000000
97 1560343973 1.000000 -1.000000 -101.000000 0.000000 0.000000
97 1560343974 1.000000 -1.000000 -101.000000 0.000000 0.000000
88 1560343975 6.000000 -1.000000 -101.000000 0.000000 0.000000
88 1560343976 6.000000 -1.000000 -101.000000 0.000000 0.000000
88 1560343977 6.000000 -1.000000 -101.000000 0.000000 0.000000
88 1560343978 5.400000 -1.000000 -101.000000 0.000000 0.000000
88 1560343979 5.400000 -1.000000 -101.000000 0.000000 0.000000
97 1560343975 1.000000 -1.000000 -101.000000 0.000000 0.000000
97 1560343976 1.000000 -1.000000 -101.000000 0.000000 0.000000
97 1560343977 1.000000 -1.000000 -101.000000 0.000000 0.000000
97 1560343978 0.400000 -1.000000 -101.000000 0.000000 0.000000
97 1560343979 0.400000 -1.000000 -101.000000 0.000000 0.000000
88 1560343980 5.400000 -1.000000 -101.000000 0.000000 0.000000
88 1560343981 5.400000 -1.000000 -101.000000 0.000000 0.000000
88 1560343982 5.400000 -1.000000 -101.000000 0.000000 0.000000
88 1560343983 9.200000 -1.000000 -101.000000 0.000000 0.000000
88 1560343984 9.200000 -1.000000 -101.000000 0.000000 0.000000
88 1560343985 9.200000 -1.000000 -101.000000 0.000000 0.000000
88 1560343986 9.200000 -1.000000 -101.000000 0.000000 0.000000
88 1560343987 9.200000 -1.000000 -101.000000 0.000000 0.000000
88 1560343988 6.800000 -1.000000 -101.000000 0.000000 0.000000
88 1560343989 6.800000 -1.000000 -101.000000 0.000000 0.000000
97 1560343980 0.400000 -1.000000 -101.000000 0.000000 0.000000
97 1560343981 0.400000 -1.000000 -101.000000 0.000000 0.000000
97 1560343982 0.400000 -1.000000 -101.000000 0.000000 0.000000
97 1560343983 0.400000 -1.000000 -101.000000 0.000000 0.000000
97 1560343984 0.400000 -1.000000 -101.000000 0.000000 0.000000
97 1560343985 0.400000 -1.000000 -101.000000 0.000000 0.000000
97 1560343986 0.400000 -1.000000 -101.000000 0.000000 0.000000
97 1560343987 0.400000 -1.000000 -101.000000 0.000000 0.000000
97 1560343988 0.800000 -1.000000 -101.000000 0.000000 0.000000
97 1560343989 0.800000 -1.000000 -101.000000 0.000000 0.000000
88 1560343990 6.800000 -1.000000 -101.000000 0.000000 0.000000
88 1560343991 6.800000 -1.000000 -101.000000 0.000000 0.000000
88 1560343992 6.800000 -1.000000 -101.000000 0.000000 0.000000
88 1560343993 3.400000 -1.000000 -101.000000 0.000000 0.000000
88 1560343994 3.400000 -1.000000 -101.000000 0.000000 0.000000
97 1560343990 0.800000 -1.000000 -101.000000 0.000000 0.000000
97 1560343991 0.800000 -1.000000 -101.000000 0.000000 0.000000
97 1560343992 0.800000 -1.000000 -101.000000 0.000000 0.000000
97 1560343993 1.000000 -1.000000 -101.000000 0.000000 0.000000
97 1560343994 1.000000 -1.000000 -101.000000 0.000000 0.000000
88 1560343995 3.400000 -1.000000 -101.000000 0.000000 0.000000
88 1560343996 3.400000 -1.000000 -101.000000 0.000000 0.000000
88 1560343997 3.400000 -1.000000 -101.000000 0.000000 0.000000
88 1560343998 6.600000 -1.000000 -101.000000 0.000000 0.000000
88 1560343999 6.600000 -1.000000 -101.000000 0.000000 0.000000
97 1560343995 1.000000 -1.000000 -101.000000 0.000000 0.000000
97 1560343996 1.000000 -1.000000 -101.000000 0.000000 0.000000
97 1560343997 1.000000 -1.000000 -101.000000 0.000000 0.000000
97 1560343998 0.400000 -1.000000 -101.000000 0.000000 0.000000
97 1560343999 0.400000 -1.000000 -101.000000 0.000000 0.000000
88 1560344000 6.600000 -1.000000 -101.000000 0.000000 0.000000
88 1560344001 6.600000 -1.000000 -101.000000 0.000000 0.000000
88 1560344002 6.600000 -1.000000 -101.000000 0.000000 0.000000
88 1560344003 10.400000 -1.000000 -101.000000 0.000000 0.000000
88 1560344004 10.400000 -1.000000 -101.000000 0.000000 0.000000
97 1560344000 0.400000 -1.000000 -101.000000 0.000000 0.000000
97 1560344001 0.400000 -1.000000 -101.000000 0.000000 0.000000
97 1560344002 0.400000 -1.000000 -101.000000 0.000000 0.000000
97 1560344003 0.200000 -1.000000 -101.000000 0.000000 0.000000
97 1560344004 0.200000 -1.000000 -101.000000 0.000000 0.000000
88 1560344005 10.400000 -1.000000 -101.000000 0.000000 0.000000
88 1560344006 10.400000 -1.000000 -101.000000 0.000000 0.000000
88 1560344007 10.400000 -1.000000 -101.000000 0.000000 0.000000
88 1560344008 8.200000 -1.000000 -101.000000 0.000000 0.000000
88 1560344009 8.200000 -1.000000 -101.000000 0.000000 0.000000
97 1560344005 0.200000 -1.000000 -101.000000 0.000000 0.000000
97 1560344006 0.200000 -1.000000 -101.000000 0.000000 0.000000
97 1560344007 0.200000 -1.000000 -101.000000 0.000000 0.000000
97 1560344008 0.600000 -1.000000 -101.000000 0.000000 0.000000
97 1560344009 0.600000 -1.000000 -101.000000 0.000000 0.000000
88 1560344010 8.200000 -1.000000 -101.000000 0.000000 0.000000
88 1560344011 8.200000 -1.000000 -101.000000 0.000000 0.000000
88 1560344012 8.200000 -1.000000 -101.000000 0.000000 0.000000
88 1560344013 5.400000 -1.000000 -101.000000 0.000000 0.000000
88 1560344014 5.400000 -1.000000 -101.000000 0.000000 0.000000
97 1560344010 0.600000 -1.000000 -101.000000 0.000000 0.000000
97 1560344011 0.600000 -1.000000 -101.000000 0.000000 0.000000
97 1560344012 0.600000 -1.000000 -101.000000 0.000000 0.000000
97 1560344013 0.600000 -1.000000 -101.000000 0.000000 0.000000
97 1560344014 0.600000 -1.000000 -101.000000 0.000000 0.000000
88 1560344015 5.400000 -1.000000 -101.000000 0.000000 0.000000
88 1560344016 5.400000 -1.000000 -101.000000 0.000000 0.000000
88 1560344017 5.400000 -1.000000 -101.000000 0.000000 0.000000
88 1560344018 6.800000 -1.000000 -101.000000 0.000000 0.000000
88 1560344019 6.800000 -1.000000 -101.000000 0.000000 0.000000
97 1560344015 0.600000 -1.000000 -101.000000 0.000000 0.000000
97 1560344016 0.600000 -1.000000 -101.000000 0.000000 0.000000
97 1560344017 0.600000 -1.000000 -101.000000 0.000000 0.000000
97 1560344018 1.000000 -1.000000 -101.000000 0.000000 0.000000
97 1560344019 1.000000 -1.000000 -101.000000 0.000000 0.000000
88 1560344020 6.800000 -1.000000 -101.000000 0.000000 0.000000
88 1560344021 6.800000 -1.000000 -101.000000 0.000000 0.000000
88 1560344022 6.800000 -1.000000 -101.000000 0.000000 0.000000
88 1560344023 6.400000 -1.000000 -101.000000 0.000000 0.000000
88 1560344024 6.400000 -1.000000 -101.000000 0.000000 0.000000
97 1560344020 1.000000 -1.000000 -101.000000 0.000000 0.000000
97 1560344021 1.000000 -1.000000 -101.000000 0.000000 0.000000
97 1560344022 1.000000 -1.000000 -101.000000 0.000000 0.000000
97 1560344023 0.400000 -1.000000 -101.000000 0.000000 0.000000
97 1560344024 0.400000 -1.000000 -101.000000 0.000000 0.000000
88 1560344025 6.400000 -1.000000 -101.000000 0.000000 0.000000
88 1560344026 6.400000 -1.000000 -101.000000 0.000000 0.000000
88 1560344027 6.400000 -1.000000 -101.000000 0.000000 0.000000
88 1560344028 7.200000 -1.000000 -101.000000 0.000000 0.000000
88 1560344029 7.200000 -1.000000 -101.000000 0.000000 0.000000
97 1560344025 0.400000 -1.000000 -101.000000 0.000000 0.000000
97 1560344026 0.400000 -1.000000 -101.000000 0.000000 0.000000
97 1560344027 0.400000 -1.000000 -101.000000 0.000000 0.000000
97 1560344028 0.600000 -1.000000 -101.000000 0.000000 0.000000
97 1560344029 0.600000 -1.000000 -101.000000 0.000000 0.000000
88 1560344030 7.200000 -1.000000 -101.000000 0.000000 0.000000
88 1560344031 7.200000 -1.000000 -101.000000 0.000000 0.000000
88 1560344032 7.200000 -1.000000 -101.000000 0.000000 0.000000
88 1560344033 10.200000 -1.000000 -101.000000 0.000000 0.000000
88 1560344034 10.200000 -1.000000 -101.000000 0.000000 0.000000
97 1560344030 0.600000 -1.000000 -101.000000 0.000000 0.000000
97 1560344031 0.600000 -1.000000 -101.000000 0.000000 0.000000
97 1560344032 0.600000 -1.000000 -101.000000 0.000000 0.000000
97 1560344033 1.000000 -1.000000 -101.000000 0.000000 0.000000
97 1560344034 1.000000 -1.000000 -101.000000 0.000000 0.000000
88 1560344035 10.200000 -1.000000 -101.000000 0.000000 0.000000
88 1560344036 10.200000 -1.000000 -101.000000 0.000000 0.000000
88 1560344037 10.200000 -1.000000 -101.000000 0.000000 0.000000
88 1560344038 5.600000 -1.000000 -101.000000 0.000000 0.000000
88 1560344039 5.600000 -1.000000 -101.000000 0.000000 0.000000
97 1560344035 1.000000 -1.000000 -101.000000 0.000000 0.000000
97 1560344036 1.000000 -1.000000 -101.000000 0.000000 0.000000
97 1560344037 1.000000 -1.000000 -101.000000 0.000000 0.000000
97 1560344038 0.600000 -1.000000 -101.000000 0.000000 0.000000
97 1560344039 0.600000 -1.000000 -101.000000 0.000000 0.000000
88 1560344040 5.600000 -1.000000 -101.000000 0.000000 0.000000
88 1560344041 5.600000 -1.000000 -101.000000 0.000000 0.000000
88 1560344042 5.600000 -1.000000 -101.000000 0.000000 0.000000
88 1560344043 7.800000 -1.000000 -101.000000 0.000000 0.000000
88 1560344044 7.800000 -1.000000 -101.000000 0.000000 0.000000
97 1560344040 0.600000 -1.000000 -101.000000 0.000000 0.000000
97 1560344041 0.600000 -1.000000 -101.000000 0.000000 0.000000
97 1560344042 0.600000 -1.000000 -101.000000 0.000000 0.000000
88 1560344045 7.800000 -1.000000 -101.000000 0.000000 0.000000
88 1560344046 7.800000 -1.000000 -101.000000 0.000000 0.000000
88 1560344047 7.800000 -1.000000 -101.000000 0.000000 0.000000
88 1560344048 8.000000 -1.000000 -101.000000 0.000000 0.000000
88 1560344049 8.000000 -1.000000 -101.000000 0.000000 0.000000
88 1560344050 8.000000 -1.000000 -101.000000 0.000000 0.000000
88 1560344051 8.000000 -1.000000 -101.000000 0.000000 0.000000
88 1560344052 8.000000 -1.000000 -101.000000 0.000000 0.000000
88 1560344053 6.600000 -1.000000 -101.000000 0.000000 0.000000
88 1560344054 6.600000 -1.000000 -101.000000 0.000000 0.000000
97 1560344048 0.600000 -1.000000 -101.000000 0.000000 0.000000
97 1560344049 0.600000 -1.000000 -101.000000 0.000000 0.000000
97 1560344050 0.600000 -1.000000 -101.000000 0.000000 0.000000
97 1560344051 0.600000 -1.000000 -101.000000 0.000000 0.000000
97 1560344052 0.600000 -1.000000 -101.000000 0.000000 0.000000
97 1560344053 0.400000 -1.000000 -101.000000 0.000000 0.000000
97 1560344054 0.400000 -1.000000 -101.000000 0.000000 0.000000
88 1560344055 6.600000 -1.000000 -101.000000 0.000000 0.000000
88 1560344056 6.600000 -1.000000 -101.000000 0.000000 0.000000
88 1560344057 6.600000 -1.000000 -101.000000 0.000000 0.000000
88 1560344058 6.200000 -1.000000 -101.000000 0.000000 0.000000
88 1560344059 6.200000 -1.000000 -101.000000 0.000000 0.000000
88 1560344060 6.200000 -1.000000 -101.000000 0.000000 0.000000
88 1560344061 6.200000 -1.000000 -101.000000 0.000000 0.000000
88 1560344062 6.200000 -1.000000 -101.000000 0.000000 0.000000
88 1560344063 6.400000 -1.000000 -101.000000 0.000000 0.000000
88 1560344064 6.400000 -1.000000 -101.000000 0.000000 0.000000
97 1560344055 0.400000 -1.000000 -101.000000 0.000000 0.000000
97 1560344056 0.400000 -1.000000 -101.000000 0.000000 0.000000
97 1560344057 0.400000 -1.000000 -101.000000 0.000000 0.000000
97 1560344058 0.800000 -1.000000 -101.000000 0.000000 0.000000
97 1560344059 0.800000 -1.000000 -101.000000 0.000000 0.000000
97 1560344060 0.800000 -1.000000 -101.000000 0.000000 0.000000
97 1560344061 0.800000 -1.000000 -101.000000 0.000000 0.000000
97 1560344062 0.800000 -1.000000 -101.000000 0.000000 0.000000
97 1560344063 0.600000 -1.000000 -101.000000 0.000000 0.000000
97 1560344064 0.600000 -1.000000 -101.000000 0.000000 0.000000
88 1560344065 6.400000 -1.000000 -101.000000 0.000000 0.000000
88 1560344066 6.400000 -1.000000 -101.000000 0.000000 0.000000
88 1560344067 6.400000 -1.000000 -101.000000 0.000000 0.000000
88 1560344068 9.000000 -1.000000 -101.000000 0.000000 0.000000
88 1560344069 9.000000 -1.000000 -101.000000 0.000000 0.000000
97 1560344065 0.600000 -1.000000 -101.000000 0.000000 0.000000
97 1560344066 0.600000 -1.000000 -101.000000 0.000000 0.000000
97 1560344067 0.600000 -1.000000 -101.000000 0.000000 0.000000
97 1560344068 1.200000 -1.000000 -101.000000 0.000000 0.000000
97 1560344069 1.200000 -1.000000 -101.000000 0.000000 0.000000
88 1560344070 9.000000 -1.000000 -101.000000 0.000000 0.000000
88 1560344071 9.000000 -1.000000 -101.000000 0.000000 0.000000
88 1560344072 9.000000 -1.000000 -101.000000 0.000000 0.000000
88 1560344073 6.600000 -1.000000 -101.000000 0.000000 0.000000
88 1560344074 6.600000 -1.000000 -101.000000 0.000000 0.000000
88 1560344075 6.600000 -1.000000 -101.000000 0.000000 0.000000
88 1560344076 6.600000 -1.000000 -101.000000 0.000000 0.000000
88 1560344077 6.600000 -1.000000 -101.000000 0.000000 0.000000
88 1560344078 6.400000 -1.000000 -101.000000 0.000000 0.000000
88 1560344079 6.400000 -1.000000 -101.000000 0.000000 0.000000
88 1560344080 6.400000 -1.000000 -101.000000 0.000000 0.000000
88 1560344081 6.400000 -1.000000 -101.000000 0.000000 0.000000
88 1560344082 6.400000 -1.000000 -101.000000 0.000000 0.000000
88 1560344083 5.400000 -1.000000 -101.000000 0.000000 0.000000
88 1560344084 5.400000 -1.000000 -101.000000 0.000000 0.000000
88 1560344085 5.400000 -1.000000 -101.000000 0.000000 0.000000
88 1560344086 5.400000 -1.000000 -101.000000 0.000000 0.000000
88 1560344087 5.400000 -1.000000 -101.000000 0.000000 0.000000
88 1560344088 8.600000 -1.000000 -101.000000 0.000000 0.000000
88 1560344089 8.600000 -1.000000 -101.000000 0.000000 0.000000
88 1560344090 8.600000 -1.000000 -101.000000 0.000000 0.000000
88 1560344091 8.600000 -1.000000 -101.000000 0.000000 0.000000
88 1560344092 8.600000 -1.000000 -101.000000 0.000000 0.000000
88 1560344093 4.800000 -1.000000 -101.000000 0.000000 0.000000
88 1560344094 4.800000 -1.000000 -101.000000 0.000000 0.000000
97 1560344070 1.200000 -1.000000 -101.000000 0.000000 0.000000
97 1560344071 1.200000 -1.000000 -101.000000 0.000000 0.000000
97 1560344072 1.200000 -1.000000 -101.000000 0.000000 0.000000
97 1560344073 0.800000 -1.000000 -101.000000 0.000000 0.000000
97 1560344074 0.800000 -1.000000 -101.000000 0.000000 0.000000
97 1560344075 0.800000 -1.000000 -101.000000 0.000000 0.000000
97 1560344076 0.800000 -1.000000 -101.000000 0.000000 0.000000
97 1560344077 0.800000 -1.000000 -101.000000 0.000000 0.000000
97 1560344078 0.600000 -1.000000 -101.000000 0.000000 0.000000
97 1560344079 0.600000 -1.000000 -101.000000 0.000000 0.000000
97 1560344080 0.600000 -1.000000 -101.000000 0.000000 0.000000
97 1560344081 0.600000 -1.000000 -101.000000 0.000000 0.000000
97 1560344082 0.600000 -1.000000 -101.000000 0.000000 0.000000
97 1560344083 0.200000 -1.000000 -101.000000 0.000000 0.000000
97 1560344084 0.200000 -1.000000 -101.000000 0.000000 0.000000
97 1560344085 0.200000 -1.000000 -101.000000 0.000000 0.000000
97 1560344086 0.200000 -1.000000 -101.000000 0.000000 0.000000
97 1560344087 0.200000 -1.000000 -101.000000 0.000000 0.000000
97 1560344088 0.600000 -1.000000 -101.000000 0.000000 0.000000
97 1560344089 0.600000 -1.000000 -101.000000 0.000000 0.000000
97 1560344090 0.600000 -1.000000 -101.000000 0.000000 0.000000
97 1560344091 0.600000 -1.000000 -101.000000 0.000000 0.000000
97 1560344092 0.600000 -1.000000 -101.000000 0.000000 0.000000
97 1560344093 0.600000 -1.000000 -101.000000 0.000000 0.000000
97 1560344094 0.600000 -1.000000 -101.000000 0.000000 0.000000
88 1560344095 4.800000 -1.000000 -101.000000 0.000000 0.000000
88 1560344096 4.800000 -1.000000 -101.000000 0.000000 0.000000
88 1560344097 4.800000 -1.000000 -101.000000 0.000000 0.000000
88 1560344098 2.600000 -1.000000 -101.000000 0.000000 0.000000
88 1560344099 2.600000 -1.000000 -101.000000 0.000000 0.000000
88 1560344100 2.600000 -1.000000 -101.000000 0.000000 0.000000
88 1560344101 2.600000 -1.000000 -101.000000 0.000000 0.000000
88 1560344102 2.600000 -1.000000 -101.000000 0.000000 0.000000
88 1560344103 5.000000 -1.000000 -101.000000 0.000000 0.000000
88 1560344104 5.000000 -1.000000 -101.000000 0.000000 0.000000
88 1560344105 5.000000 -1.000000 -101.000000 0.000000 0.000000
88 1560344106 5.000000 -1.000000 -101.000000 0.000000 0.000000
88 1560344107 5.000000 -1.000000 -101.000000 0.000000 0.000000
88 1560344108 3.800000 -1.000000 -101.000000 0.000000 0.000000
97 1560344095 0.600000 -1.000000 -101.000000 0.000000 0.000000
97 1560344096 0.600000 -1.000000 -101.000000 0.000000 0.000000
97 1560344097 0.600000 -1.000000 -101.000000 0.000000 0.000000
97 1560344098 0.600000 -1.000000 -101.000000 0.000000 0.000000
97 1560344099 0.600000 -1.000000 -101.000000 0.000000 0.000000
97 1560344100 0.600000 -1.000000 -101.000000 0.000000 0.000000
97 1560344101 0.600000 -1.000000 -101.000000 0.000000 0.000000
97 1560344102 0.600000 -1.000000 -101.000000 0.000000 0.000000
97 1560344103 0.400000 -1.000000 -101.000000 0.000000 0.000000
97 1560344104 0.400000 -1.000000 -101.000000 0.000000 0.000000
97 1560344105 0.400000 -1.000000 -101.000000 0.000000 0.000000
97 1560344106 0.400000 -1.000000 -101.000000 0.000000 0.000000
97 1560344107 0.400000 -1.000000 -101.000000 0.000000 0.000000
88 1560344171 0.750000 -1.000000 0.750000 0.750000 0.337500
88 1560344170 0.750000 -1.000000 0.750000 0.750000 0.337500
88 1560344169 0.750000 -1.000000 0.750000 0.750000 0.337500
88 1560344168 0.750000 -1.000000 0.750000 0.750000 0.337500
88 1560344162 0.200000 -1.000000 0.200000 0.200000 0.024000
88 1560344161 0.200000 -1.000000 0.200000 0.200000 0.024000
88 1560344160 0.200000 -1.000000 0.200000 0.200000 0.024000
88 1560344159 0.200000 -1.000000 0.200000 0.200000 0.024000
88 1560344158 0.200000 -1.000000 0.200000 0.200000 0.024000
88 1560344157 2.000000 -1.000000 2.000000 2.000000 2.400000
88 1560344156 2.000000 -1.000000 2.000000 2.000000 2.400000
88 1560344155 2.000000 -1.000000 2.000000 2.000000 2.400000
88 1560344154 2.000000 -1.000000 2.000000 2.000000 2.400000
88 1560344153 2.000000 -1.000000 2.000000 2.000000 2.400000
88 1560344152 0.200000 -1.000000 0.200000 0.200000 0.024000
88 1560344151 0.200000 -1.000000 0.200000 0.200000 0.024000
88 1560344150 0.200000 -1.000000 0.200000 0.200000 0.024000
88 1560344149 0.200000 -1.000000 0.200000 0.200000 0.024000
88 1560344148 0.200000 -1.000000 0.200000 0.200000 0.024000
88 1560344147 4.000000 -1.000000 4.000000 4.000000 9.600000
88 1560344146 4.000000 -1.000000 4.000000 4.000000 9.600000
88 1560344145 4.000000 -1.000000 4.000000 4.000000 9.600000
88 1560344144 4.000000 -1.000000 4.000000 4.000000 9.600000
88 1560344143 4.000000 -1.000000 4.000000 4.000000 9.600000
88 1560344142 3.000000 -1.000000 3.000000 3.000000 5.400000
88 1560344141 3.000000 -1.000000 3.000000 3.000000 5.400000
88 1560344140 3.000000 -1.000000 3.000000 3.000000 5.400000
88 1560344139 3.000000 -1.000000 3.000000 3.000000 5.400000
88 1560344138 3.000000 -1.000000 3.000000 3.000000 5.400000
88 1560344137 1.600000 -1.000000 1.600000 1.600000 1.536000
88 1560344136 1.600000 -1.000000 1.600000 1.600000 1.536000
88 1560344135 1.600000 -1.000000 1.600000 1.600000 1.536000
88 1560344134 1.600000 -1.000000 1.600000 1.600000 1.536000
88 1560344133 1.600000 -1.000000 1.600000 1.600000 1.536000
88 1560344132 0.600000 -1.000000 0.600000 0.600000 0.216000
88 1560344131 0.600000 -1.000000 0.600000 0.600000 0.216000
88 1560344130 0.600000 -1.000000 0.600000 0.600000 0.216000
88 1560344129 0.600000 -1.000000 0.600000 0.600000 0.216000
88 1560344128 0.600000 -1.000000 0.600000 0.600000 0.216000
88 1560344127 3.400000 -1.000000 3.400000 3.400000 6.936000
88 1560344126 3.400000 -1.000000 3.400000 3.400000 6.936000
88 1560344125 3.400000 -1.000000 3.400000 3.400000 6.936000
88 1560344124 3.400000 -1.000000 3.400000 3.400000 6.936000
88 1560344123 3.400000 -1.000000 3.400000 3.400000 6.936000
88 1560344122 2.800000 -1.000000 2.800000 2.800000 4.704000
88 1560344121 2.800000 -1.000000 2.800000 2.800000 4.704000
88 1560344120 2.800000 -1.000000 2.800000 2.800000 4.704000
88 1560344119 2.800000 -1.000000 2.800000 2.800000 4.704000
88 1560344118 2.800000 -1.000000 2.800000 2.800000 4.704000
88 1560344117 6.200000 -1.000000 6.200000 6.200000 23.064000
88 1560344116 6.200000 -1.000000 6.200000 6.200000 23.064000
88 1560344115 6.200000 -1.000000 6.200000 6.200000 23.064000
88 1560344114 6.200000 -1.000000 6.200000 6.200000 23.064000
88 1560344113 6.200000 -1.000000 6.200000 6.200000 23.064000
88 1560344112 3.800000 -1.000000 3.800000 3.800000 8.664000
88 1560344111 3.800000 -1.000000 3.800000 3.800000 8.664000
88 1560344110 3.800000 -1.000000 3.800000 3.800000 8.664000
88 1560344109 3.800000 -1.000000 3.800000 3.800000 8.664000
97 1560344167 0.200000 -1.000000 0.200000 0.200000 0.024000
97 1560344166 0.200000 -1.000000 0.200000 0.200000 0.024000
97 1560344165 0.200000 -1.000000 0.200000 0.200000 0.024000
97 1560344164 0.200000 -1.000000 0.200000 0.200000 0.024000
97 1560344163 0.200000 -1.000000 0.200000 0.200000 0.024000
97 1560344157 0.200000 -1.000000 0.200000 0.200000 0.024000
97 1560344156 0.200000 -1.000000 0.200000 0.200000 0.024000
97 1560344155 0.200000 -1.000000 0.200000 0.200000 0.024000
97 1560344154 0.200000 -1.000000 0.200000 0.200000 0.024000
97 1560344153 0.200000 -1.000000 0.200000 0.200000 0.024000
97 1560344152 0.200000 -1.000000 0.200000 0.200000 0.024000
97 1560344151 0.200000 -1.000000 0.200000 0.200000 0.024000
97 1560344150 0.200000 -1.000000 0.200000 0.200000 0.024000
97 1560344149 0.200000 -1.000000 0.200000 0.200000 0.024000
97 1560344148 0.200000 -1.000000 0.200000 0.200000 0.024000
97 1560344147 0.200000 -1.000000 0.200000 0.200000 0.024000
97 1560344146 0.200000 -1.000000 0.200000 0.200000 0.024000
97 1560344145 0.200000 -1.000000 0.200000 0.200000 0.024000
97 1560344144 0.200000 -1.000000 0.200000 0.200000 0.024000
97 1560344143 0.200000 -1.000000 0.200000 0.200000 0.024000
97 1560344132 0.400000 -1.000000 0.400000 0.400000 0.096000
97 1560344131 0.400000 -1.000000 0.400000 0.400000 0.096000
97 1560344130 0.400000 -1.000000 0.400000 0.400000 0.096000
97 1560344129 0.400000 -1.000000 0.400000 0.400000 0.096000
97 1560344128 0.400000 -1.000000 0.400000 0.400000 0.096000
97 1560344127 0.600000 -1.000000 0.600000 0.600000 0.216000
97 1560344126 0.600000 -1.000000 0.600000 0.600000 0.216000
97 1560344125 0.600000 -1.000000 0.600000 0.600000 0.216000
97 1560344124 0.600000 -1.000000 0.600000 0.600000 0.216000
97 1560344123 0.600000 -1.000000 0.600000 0.600000 0.216000
97 1560344122 0.600000 -1.000000 0.600000 0.600000 0.216000
97 1560344121 0.600000 -1.000000 0.600000 0.600000 0.216000
97 1560344120 0.600000 -1.000000 0.600000 0.600000 0.216000
97 1560344119 0.600000 -1.000000 0.600000 0.600000 0.216000
97 1560344118 0.600000 -1.000000 0.600000 0.600000 0.216000
97 1560344117 0.200000 -1.000000 0.200000 0.200000 0.024000
97 1560344116 0.200000 -1.000000 0.200000 0.200000 0.024000
97 1560344115 0.200000 -1.000000 0.200000 0.200000 0.024000
97 1560344114 0.200000 -1.000000 0.200000 0.200000 0.024000
97 1560344113 0.200000 -1.000000 0.200000 0.200000 0.024000
