83 1560343758 0.200000 -1.000000 -101.000000 0.000000 0.000000
83 1560343759 0.200000 -1.000000 -101.000000 0.000000 0.000000
86 1560343758 0.200000 -1.000000 -101.000000 0.000000 0.000000
86 1560343759 0.200000 -1.000000 -101.000000 0.000000 0.000000
83 1560343760 0.200000 -1.000000 -101.000000 0.000000 0.000000
83 1560343761 0.200000 -1.000000 -101.000000 0.000000 0.000000
83 1560343762 0.200000 -1.000000 -101.000000 0.000000 0.000000
83 1560343763 1.200000 -1.000000 -101.000000 0.000000 0.000000
83 1560343764 1.200000 -1.000000 -101.000000 0.000000 0.000000
86 1560343760 0.200000 -1.000000 -101.000000 0.000000 0.000000
86 1560343761 0.200000 -1.000000 -101.000000 0.000000 0.000000
86 1560343762 0.200000 -1.000000 -101.000000 0.000000 0.000000
83 1560343765 1.200000 -1.000000 -101.000000 0.000000 0.000000
83 1560343766 1.200000 -1.000000 -101.000000 0.000000 0.000000
83 1560343767 1.200000 -1.000000 -101.000000 0.000000 0.000000
83 1560343768 0.200000 -1.000000 -101.000000 0.000000 0.000000
83 1560343769 0.200000 -1.000000 -101.000000 0.000000 0.000000
86 1560343768 0.200000 -1.000000 -101.000000 0.000000 0.000000
86 1560343769 0.200000 -1.000000 -101.000000 0.000000 0.000000
83 1560343770 0.200000 -1.000000 -101.000000 0.000000 0.000000
83 1560343771 0.200000 -1.000000 -101.000000 0.000000 0.000000
83 1560343772 0.200000 -1.000000 -101.000000 0.000000 0.000000
83 1560343773 2.000000 -1.000000 -101.000000 0.000000 0.000000
83 1560343774 2.000000 -1.000000 -101.000000 0.000000 0.000000
83 1560343775 2.000000 -1.000000 -101.000000 0.000000 0.000000
83 1560343776 2.000000 -1.000000 -101.000000 0.000000 0.000000
83 1560343777 2.000000 -1.000000 -101.000000 0.000000 0.000000
83 1560343778 1.200000 -1.000000 -101.000000 0.000000 0.000000
83 1560343779 1.200000 -1.000000 -101.000000 0.000000 0.000000
86 1560343770 0.200000 -1.000000 -101.000000 0.000000 0.000000
86 1560343771 0.200000 -1.000000 -101.000000 0.000000 0.000000
86 1560343772 0.200000 -1.000000 -101.000000 0.000000 0.000000
86 1560343773 1.200000 -1.000000 -101.000000 0.000000 0.000000
86 1560343774 1.200000 -1.000000 -101.000000 0.000000 0.000000
86 1560343775 1.200000 -1.000000 -101.000000 0.000000 0.000000
86 1560343776 1.200000 -1.000000 -101.000000 0.000000 0.000000
86 1560343777 1.200000 -1.000000 -101.000000 0.000000 0.000000
86 1560343778 1.400000 -1.000000 -101.000000 0.000000 0.000000
86 1560343779 1.400000 -1.000000 -101.000000 0.000000 0.000000
83 1560343780 1.200000 -1.000000 -101.000000 0.000000 0.000000
83 1560343781 1.200000 -1.000000 -101.000000 0.000000 0.000000
83 1560343782 1.200000 -1.000000 -101.000000 0.000000 0.000000
83 1560343783 1.400000 -1.000000 -101.000000 0.000000 0.000000
83 1560343784 1.400000 -1.000000 -101.000000 0.000000 0.000000
86 1560343780 1.400000 -1.000000 -101.000000 0.000000 0.000000
86 1560343781 1.400000 -1.000000 -101.000000 0.000000 0.000000
86 1560343782 1.400000 -1.000000 -101.000000 0.000000 0.000000
83 1560343785 1.400000 -1.000000 -101.000000 0.000000 0.000000
83 1560343786 1.400000 -1.000000 -101.000000 0.000000 0.000000
83 1560343787 1.400000 -1.000000 -101.000000 0.000000 0.000000
83 1560343788 0.200000 -1.000000 -101.000000 0.000000 0.000000
83 1560343789 0.200000 -1.000000 -101.000000 0.000000 0.000000
86 1560343788 0.200000 -1.000000 -101.000000 0.000000 0.000000
86 1560343789 0.200000 -1.000000 -101.000000 0.000000 0.000000
83 1560343790 0.200000 -1.000000 -101.000000 0.000000 0.000000
83 1560343791 0.200000 -1.000000 -101.000000 0.000000 0.000000
83 1560343792 0.200000 -1.000000 -101.000000 0.000000 0.000000
83 1560343793 3.200000 -1.000000 -101.000000 0.000000 0.000000
83 1560343794 3.200000 -1.000000 -101.000000 0.000000 0.000000
83 1560343795 3.200000 -1.000000 -101.000000 0.000000 0.000000
83 1560343796 3.200000 -1.000000 -101.000000 0.000000 0.000000
83 1560343797 3.200000 -1.000000 -101.000000 0.000000 0.000000
83 1560343798 2.800000 -1.000000 -101.000000 0.000000 0.000000
83 1560343799 2.800000 -1.000000 -101.000000 0.000000 0.000000
86 1560343790 0.200000 -1.000000 -101.000000 0.000000 0.000000
86 1560343791 0.200000 -1.000000 -101.000000 0.000000 0.000000
86 1560343792 0.200000 -1.000000 -101.000000 0.000000 0.000000
86 1560343793 2.200000 -1.000000 -101.000000 0.000000 0.000000
86 1560343794 2.200000 -1.000000 -101.000000 0.000000 0.000000
86 1560343795 2.200000 -1.000000 -101.000000 0.000000 0.000000
86 1560343796 2.200000 -1.000000 -101.000000 0.000000 0.000000
86 1560343797 2.200000 -1.000000 -101.000000 0.000000 0.000000
86 1560343798 1.200000 -1.000000 -101.000000 0.000000 0.000000
86 1560343799 1.200000 -1.000000 -101.000000 0.000000 0.000000
83 1560343800 2.800000 -1.000000 -101.000000 0.000000 0.000000
83 1560343801 2.800000 -1.000000 -101.000000 0.000000 0.000000
83 1560343802 2.800000 -1.000000 -101.000000 0.000000 0.000000
83 1560343803 1.600000 -1.000000 -101.000000 0.000000 0.000000
83 1560343804 1.600000 -1.000000 -101.000000 0.000000 0.000000
86 1560343800 1.200000 -1.000000 -101.000000 0.000000 0.000000
86 1560343801 1.200000 -1.000000 -101.000000 0.000000 0.000000
86 1560343802 1.200000 -1.000000 -101.000000 0.000000 0.000000
86 1560343803 2.400000 -1.000000 -101.000000 0.000000 0.000000
86 1560343804 2.400000 -1.000000 -101.000000 0.000000 0.000000
83 1560343805 1.600000 -1.000000 -101.000000 0.000000 0.000000
83 1560343806 1.600000 -1.000000 -101.000000 0.000000 0.000000
83 1560343807 1.600000 -1.000000 -101.000000 0.000000 0.000000
83 1560343808 0.600000 -1.000000 -101.000000 0.000000 0.000000
83 1560343809 0.600000 -1.000000 -101.000000 0.000000 0.000000
86 1560343805 2.400000 -1.000000 -101.000000 0.000000 0.000000
86 1560343806 2.400000 -1.000000 -101.000000 0.000000 0.000000
86 1560343807 2.400000 -1.000000 -101.000000 0.000000 0.000000
86 1560343808 0.200000 -1.000000 -101.000000 0.000000 0.000000
86 1560343809 0.200000 -1.000000 -101.000000 0.000000 0.000000
83 1560343810 0.600000 -1.000000 -101.000000 0.000000 0.000000
83 1560343811 0.600000 -1.000000 -101.000000 0.000000 0.000000
83 1560343812 0.600000 -1.000000 -101.000000 0.000000 0.000000
83 1560343813 4.200000 -1.000000 -101.000000 0.000000 0.000000
83 1560343814 4.200000 -1.000000 -101.000000 0.000000 0.000000
86 1560343810 0.200000 -1.000000 -101.000000 0.000000 0.000000
86 1560343811 0.200000 -1.000000 -101.000000 0.000000 0.000000
86 1560343812 0.200000 -1.000000 -101.000000 0.000000 0.000000
86 1560343813 3.400000 -1.000000 -101.000000 0.000000 0.000000
86 1560343814 3.400000 -1.000000 -101.000000 0.000000 0.000000
83 1560343815 4.200000 -1.000000 -101.000000 0.000000 0.000000
83 1560343816 4.200000 -1.000000 -101.000000 0.000000 0.000000
83 1560343817 4.200000 -1.000000 -101.000000 0.000000 0.000000
83 1560343818 1.600000 -1.000000 -101.000000 0.000000 0.000000
83 1560343819 1.600000 -1.000000 -101.000000 0.000000 0.000000
86 1560343815 3.400000 -1.000000 -101.000000 0.000000 0.000000
86 1560343816 3.400000 -1.000000 -101.000000 0.000000 0.000000
86 1560343817 3.400000 -1.000000 -101.000000 0.000000 0.000000
86 1560343818 1.400000 -1.000000 -101.000000 0.000000 0.000000
86 1560343819 1.400000 -1.000000 -101.000000 0.000000 0.000000
83 1560343820 1.600000 -1.000000 -101.000000 0.000000 0.000000
83 1560343821 1.600000 -1.000000 -101.000000 0.000000 0.000000
83 1560343822 1.600000 -1.000000 -101.000000 0.000000 0.000000
83 1560343823 3.600000 -1.000000 -101.000000 0.000000 0.000000
83 1560343824 3.600000 -1.000000 -101.000000 0.000000 0.000000
86 1560343820 1.400000 -1.000000 -101.000000 0.000000 0.000000
86 1560343821 1.400000 -1.000000 -101.000000 0.000000 0.000000
86 1560343822 1.400000 -1.000000 -101.000000 0.000000 0.000000
86 1560343823 3.400000 -1.000000 -101.000000 0.000000 0.000000
86 1560343824 3.400000 -1.000000 -101.000000 0.000000 0.000000
83 1560343825 3.600000 -1.000000 -101.000000 0.000000 0.000000
83 1560343826 3.600000 -1.000000 -101.000000 0.000000 0.000000
83 1560343827 3.600000 -1.000000 -101.000000 0.000000 0.000000
83 1560343828 3.200000 -1.000000 -101.000000 0.000000 0.000000
83 1560343829 3.200000 -1.000000 -101.000000 0.000000 0.000000
86 1560343825 3.400000 -1.000000 -101.000000 0.000000 0.000000
86 1560343826 3.400000 -1.000000 -101.000000 0.000000 0.000000
86 1560343827 3.400000 -1.000000 -101.000000 0.000000 0.000000
86 1560343828 2.200000 -1.000000 -101.000000 0.000000 0.000000
86 1560343829 2.200000 -1.000000 -101.000000 0.000000 0.000000
83 1560343830 3.200000 -1.000000 -101.000000 0.000000 0.000000
83 1560343831 3.200000 -1.000000 -101.000000 0.000000 0.000000
83 1560343832 3.200000 -1.000000 -101.000000 0.000000 0.000000
83 1560343833 1.200000 -1.000000 -101.000000 0.000000 0.000000
83 1560343834 1.200000 -1.000000 -101.000000 0.000000 0.000000
86 1560343830 2.200000 -1.000000 -101.000000 0.000000 0.000000
86 1560343831 2.200000 -1.000000 -101.000000 0.000000 0.000000
86 1560343832 2.200000 -1.000000 -101.000000 0.000000 0.000000
83 1560343835 1.200000 -1.000000 -101.000000 0.000000 0.000000
83 1560343836 1.200000 -1.000000 -101.000000 0.000000 0.000000
83 1560343837 1.200000 -1.000000 -101.000000 0.000000 0.000000
83 1560343838 4.200000 -1.000000 -101.000000 0.000000 0.000000
83 1560343839 4.200000 -1.000000 -101.000000 0.000000 0.000000
86 1560343838 3.600000 -1.000000 -101.000000 0.000000 0.000000
86 1560343839 3.600000 -1.000000 -101.000000 0.000000 0.000000
83 1560343840 4.200000 -1.000000 -101.000000 0.000000 0.000000
83 1560343841 4.200000 -1.000000 -101.000000 0.000000 0.000000
83 1560343842 4.200000 -1.000000 -101.000000 0.000000 0.000000
83 1560343843 3.400000 -1.000000 -101.000000 0.000000 0.000000
83 1560343844 3.400000 -1.000000 -101.000000 0.000000 0.000000
86 1560343840 3.600000 -1.000000 -101.000000 0.000000 0.000000
86 1560343841 3.600000 -1.000000 -101.000000 0.000000 0.000000
86 1560343842 3.600000 -1.000000 -101.000000 0.000000 0.000000
86 1560343843 4.400000 -1.000000 -101.000000 0.000000 0.000000
86 1560343844 4.400000 -1.000000 -101.000000 0.000000 0.000000
83 1560343845 3.400000 -1.000000 -101.000000 0.000000 0.000000
83 1560343846 3.400000 -1.000000 -101.000000 0.000000 0.000000
83 1560343847 3.400000 -1.000000 -101.000000 0.000000 0.000000
83 1560343848 4.800000 -1.000000 -101.000000 0.000000 0.000000
83 1560343849 4.800000 -1.000000 -101.000000 0.000000 0.000000
86 1560343845 4.400000 -1.000000 -101.000000 0.000000 0.000000
86 1560343846 4.400000 -1.000000 -101.000000 0.000000 0.000000
86 1560343847 4.400000 -1.000000 -101.000000 0.000000 0.000000
86 1560343848 3.600000 -1.000000 -101.000000 0.000000 0.000000
86 1560343849 3.600000 -1.000000 -101.000000 0.000000 0.000000
83 1560343850 4.800000 -1.000000 -101.000000 0.000000 0.000000
83 1560343851 4.800000 -1.000000 -101.000000 0.000000 0.000000
83 1560343852 4.800000 -1.000000 -101.000000 0.000000 0.000000
83 1560343853 1.000000 -1.000000 -101.000000 0.000000 0.000000
83 1560343854 1.000000 -1.000000 -101.000000 0.000000 0.000000
86 1560343850 3.600000 -1.000000 -101.000000 0.000000 0.000000
86 1560343851 3.600000 -1.000000 -101.000000 0.000000 0.000000
86 1560343852 3.600000 -1.000000 -101.000000 0.000000 0.000000
86 1560343853 1.200000 -1.000000 -101.000000 0.000000 0.000000
86 1560343854 1.200000 -1.000000 -101.000000 0.000000 0.000000
83 1560343855 1.000000 -1.000000 -101.000000 0.000000 0.000000
83 1560343856 1.000000 -1.000000 -101.000000 0.000000 0.000000
83 1560343857 1.000000 -1.000000 -101.000000 0.000000 0.000000
83 1560343858 4.600000 -1.000000 -101.000000 0.000000 0.000000
83 1560343859 4.600000 -1.000000 -101.000000 0.000000 0.000000
86 1560343855 1.200000 -1.000000 -101.000000 0.000000 0.000000
86 1560343856 1.200000 -1.000000 -101.000000 0.000000 0.000000
86 1560343857 1.200000 -1.000000 -101.000000 0.000000 0.000000
86 1560343858 5.600000 -1.000000 -101.000000 0.000000 0.000000
86 1560343859 5.600000 -1.000000 -101.000000 0.000000 0.000000
83 1560343860 4.600000 -1.000000 -101.000000 0.000000 0.000000
83 1560343861 4.600000 -1.000000 -101.000000 0.000000 0.000000
83 1560343862 4.600000 -1.000000 -101.000000 0.000000 0.000000
83 1560343863 3.200000 -1.000000 -101.000000 0.000000 0.000000
83 1560343864 3.200000 -1.000000 -101.000000 0.000000 0.000000
86 1560343860 5.600000 -1.000000 -101.000000 0.000000 0.000000
86 1560343861 5.600000 -1.000000 -101.000000 0.000000 0.000000
86 1560343862 5.600000 -1.000000 -101.000000 0.000000 0.000000
86 1560343863 1.000000 -1.000000 -101.000000 0.000000 0.000000
86 1560343864 1.000000 -1.000000 -101.000000 0.000000 0.000000
83 1560343865 3.200000 -1.000000 -101.000000 0.000000 0.000000
83 1560343866 3.200000 -1.000000 -101.000000 0.000000 0.000000
83 1560343867 3.200000 -1.000000 -101.000000 0.000000 0.000000
83 1560343868 4.200000 -1.000000 -101.000000 0.000000 0.000000
83 1560343869 4.200000 -1.000000 -101.000000 0.000000 0.000000
86 1560343865 1.000000 -1.000000 -101.000000 0.000000 0.000000
86 1560343866 1.000000 -1.000000 -101.000000 0.000000 0.000000
86 1560343867 1.000000 -1.000000 -101.000000 0.000000 0.000000
86 1560343868 4.400000 -1.000000 -101.000000 0.000000 0.000000
86 1560343869 4.400000 -1.000000 -101.000000 0.000000 0.000000
83 1560343870 4.200000 -1.000000 -101.000000 0.000000 0.000000
83 1560343871 4.200000 -1.000000 -101.000000 0.000000 0.000000
83 1560343872 4.200000 -1.000000 -101.000000 0.000000 0.000000
83 1560343873 2.600000 -1.000000 -101.000000 0.000000 0.000000
83 1560343874 2.600000 -1.000000 -101.000000 0.000000 0.000000
86 1560343870 4.400000 -1.000000 -101.000000 0.000000 0.000000
86 1560343871 4.400000 -1.000000 -101.000000 0.000000 0.000000
86 1560343872 4.400000 -1.000000 -101.000000 0.000000 0.000000
86 1560343873 2.000000 -1.000000 -101.000000 0.000000 0.000000
86 1560343874 2.000000 -1.000000 -101.000000 0.000000 0.000000
83 1560343875 2.600000 -1.000000 -101.000000 0.000000 0.000000
83 1560343876 2.600000 -1.000000 -101.000000 0.000000 0.000000
83 1560343877 2.600000 -1.000000 -101.000000 0.000000 0.000000
83 1560343878 6.000000 -1.000000 -101.000000 0.000000 0.000000
83 1560343879 6.000000 -1.000000 -101.000000 0.000000 0.000000
86 1560343875 2.000000 -1.000000 -101.000000 0.000000 0.000000
86 1560343876 2.000000 -1.000000 -101.000000 0.000000 0.000000
86 1560343877 2.000000 -1.000000 -101.000000 0.000000 0.000000
86 1560343878 6.600000 -1.000000 -101.000000 0.000000 0.000000
86 1560343879 6.600000 -1.000000 -101.000000 0.000000 0.000000
83 1560343880 6.000000 -1.000000 -101.000000 0.000000 0.000000
83 1560343881 6.000000 -1.000000 -101.000000 0.000000 0.000000
83 1560343882 6.000000 -1.000000 -101.000000 0.000000 0.000000
83 1560343883 1.200000 -1.000000 -101.000000 0.000000 0.000000
83 1560343884 1.200000 -1.000000 -101.000000 0.000000 0.000000
86 1560343880 6.600000 -1.000000 -101.000000 0.000000 0.000000
86 1560343881 6.600000 -1.000000 -101.000000 0.000000 0.000000
86 1560343882 6.600000 -1.000000 -101.000000 0.000000 0.000000
86 1560343883 1.200000 -1.000000 -101.000000 0.000000 0.000000
86 1560343884 1.200000 -1.000000 -101.000000 0.000000 0.000000
83 1560343885 1.200000 -1.000000 -101.000000 0.000000 0.000000
83 1560343886 1.200000 -1.000000 -101.000000 0.000000 0.000000
83 1560343887 1.200000 -1.000000 -101.000000 0.000000 0.000000
83 1560343888 3.400000 -1.000000 -101.000000 0.000000 0.000000
83 1560343889 3.400000 -1.000000 -101.000000 0.000000 0.000000
86 1560343885 1.200000 -1.000000 -101.000000 0.000000 0.000000
86 1560343886 1.200000 -1.000000 -101.000000 0.000000 0.000000
86 1560343887 1.200000 -1.000000 -101.000000 0.000000 0.000000
86 1560343888 3.400000 -1.000000 -101.000000 0.000000 0.000000
86 1560343889 3.400000 -1.000000 -101.000000 0.000000 0.000000
83 1560343890 3.400000 -1.000000 -101.000000 0.000000 0.000000
83 1560343891 3.400000 -1.000000 -101.000000 0.000000 0.000000
83 1560343892 3.400000 -1.000000 -101.000000 0.000000 0.000000
83 1560343893 2.200000 -1.000000 -101.000000 0.000000 0.000000
83 1560343894 2.200000 -1.000000 -101.000000 0.000000 0.000000
86 1560343890 3.400000 -1.000000 -101.000000 0.000000 0.000000
86 1560343891 3.400000 -1.000000 -101.000000 0.000000 0.000000
86 1560343892 3.400000 -1.000000 -101.000000 0.000000 0.000000
86 1560343893 2.200000 -1.000000 -101.000000 0.000000 0.000000
86 1560343894 2.200000 -1.000000 -101.000000 0.000000 0.000000
83 1560343895 2.200000 -1.000000 -101.000000 0.000000 0.000000
83 1560343896 2.200000 -1.000000 -101.000000 0.000000 0.000000
83 1560343897 2.200000 -1.000000 -101.000000 0.000000 0.000000
83 1560343898 3.600000 -1.000000 -101.000000 0.000000 0.000000
83 1560343899 3.600000 -1.000000 -101.000000 0.000000 0.000000
83 1560343900 3.600000 -1.000000 -101.000000 0.000000 0.000000
83 1560343901 3.600000 -1.000000 -101.000000 0.000000 0.000000
83 1560343902 3.600000 -1.000000 -101.000000 0.000000 0.000000
83 1560343903 3.200000 -1.000000 -101.000000 0.000000 0.000000
83 1560343904 3.200000 -1.000000 -101.000000 0.000000 0.000000
86 1560343895 2.200000 -1.000000 -101.000000 0.000000 0.000000
86 1560343896 2.200000 -1.000000 -101.000000 0.000000 0.000000
86 1560343897 2.200000 -1.000000 -101.000000 0.000000 0.000000
86 1560343898 4.200000 -1.000000 -101.000000 0.000000 0.000000
86 1560343899 4.200000 -1.000000 -101.000000 0.000000 0.000000
86 1560343900 4.200000 -1.000000 -101.000000 0.000000 0.000000
86 1560343901 4.200000 -1.000000 -101.000000 0.000000 0.000000
86 1560343902 4.200000 -1.000000 -101.000000 0.000000 0.000000
86 1560343903 2.000000 -1.000000 -101.000000 0.000000 0.000000
86 1560343904 2.000000 -1.000000 -101.000000 0.000000 0.000000
83 1560343905 3.200000 -1.000000 -101.000000 0.000000 0.000000
83 1560343906 3.200000 -1.000000 -101.000000 0.000000 0.000000
83 1560343907 3.200000 -1.000000 -101.000000 0.000000 0.000000
83 1560343908 3.200000 -1.000000 -101.000000 0.000000 0.000000
83 1560343909 3.200000 -1.000000 -101.000000 0.000000 0.000000
86 1560343905 2.000000 -1.000000 -101.000000 0.000000 0.000000
86 1560343906 2.000000 -1.000000 -101.000000 0.000000 0.000000
86 1560343907 2.000000 -1.000000 -101.000000 0.000000 0.000000
86 1560343908 3.600000 -1.000000 -101.000000 0.000000 0.000000
86 1560343909 3.600000 -1.000000 -101.000000 0.000000 0.000000
83 1560343910 3.200000 -1.000000 -101.000000 0.000000 0.000000
83 1560343911 3.200000 -1.000000 -101.000000 0.000000 0.000000
83 1560343912 3.200000 -1.000000 -101.000000 0.000000 0.000000
83 1560343913 3.400000 -1.000000 -101.000000 0.000000 0.000000
83 1560343914 3.400000 -1.000000 -101.000000 0.000000 0.000000
86 1560343910 3.600000 -1.000000 -101.000000 0.000000 0.000000
86 1560343911 3.600000 -1.000000 -101.000000 0.000000 0.000000
86 1560343912 3.600000 -1.000000 -101.000000 0.000000 0.000000
86 1560343913 3.200000 -1.000000 -101.000000 0.000000 0.000000
86 1560343914 3.200000 -1.000000 -101.000000 0.000000 0.000000
83 1560343915 3.400000 -1.000000 -101.000000 0.000000 0.000000
83 1560343916 3.400000 -1.000000 -101.000000 0.000000 0.000000
83 1560343917 3.400000 -1.000000 -101.000000 0.000000 0.000000
83 1560343918 6.000000 -1.000000 -101.000000 0.000000 0.000000
83 1560343919 6.000000 -1.000000 -101.000000 0.000000 0.000000
86 1560343915 3.200000 -1.000000 -101.000000 0.000000 0.000000
86 1560343916 3.200000 -1.000000 -101.000000 0.000000 0.000000
86 1560343917 3.200000 -1.000000 -101.000000 0.000000 0.000000
86 1560343918 6.600000 -1.000000 -101.000000 0.000000 0.000000
86 1560343919 6.600000 -1.000000 -101.000000 0.000000 0.000000
83 1560343920 6.000000 -1.000000 -101.000000 0.000000 0.000000
83 1560343921 6.000000 -1.000000 -101.000000 0.000000 0.000000
83 1560343922 6.000000 -1.000000 -101.000000 0.000000 0.000000
83 1560343923 1.800000 -1.000000 -101.000000 0.000000 0.000000
83 1560343924 1.800000 -1.000000 -101.000000 0.000000 0.000000
86 1560343920 6.600000 -1.000000 -101.000000 0.000000 0.000000
86 1560343921 6.600000 -1.000000 -101.000000 0.000000 0.000000
86 1560343922 6.600000 -1.000000 -101.000000 0.000000 0.000000
86 1560343923 1.200000 -1.000000 -101.000000 0.000000 0.000000
86 1560343924 1.200000 -1.000000 -101.000000 0.000000 0.000000
83 1560343925 1.800000 -1.000000 -101.000000 0.000000 0.000000
83 1560343926 1.800000 -1.000000 -101.000000 0.000000 0.000000
83 1560343927 1.800000 -1.000000 -101.000000 0.000000 0.000000
83 1560343928 2.000000 -1.000000 -101.000000 0.000000 0.000000
83 1560343929 2.000000 -1.000000 -101.000000 0.000000 0.000000
86 1560343925 1.200000 -1.000000 -101.000000 0.000000 0.000000
86 1560343926 1.200000 -1.000000 -101.000000 0.000000 0.000000
86 1560343927 1.200000 -1.000000 -101.000000 0.000000 0.000000
86 1560343928 2.200000 -1.000000 -101.000000 0.000000 0.000000
86 1560343929 2.200000 -1.000000 -101.000000 0.000000 0.000000
83 1560343930 2.000000 -1.000000 -101.000000 0.000000 0.000000
83 1560343931 2.000000 -1.000000 -101.000000 0.000000 0.000000
83 1560343932 2.000000 -1.000000 -101.000000 0.000000 0.000000
83 1560343933 6.200000 -1.000000 -101.000000 0.000000 0.000000
83 1560343934 6.200000 -1.000000 -101.000000 0.000000 0.000000
86 1560343930 2.200000 -1.000000 -101.000000 0.000000 0.000000
86 1560343931 2.200000 -1.000000 -101.000000 0.000000 0.000000
86 1560343932 2.200000 -1.000000 -101.000000 0.000000 0.000000
86 1560343933 6.600000 -1.000000 -101.000000 0.000000 0.000000
86 1560343934 6.600000 -1.000000 -101.000000 0.000000 0.000000
83 1560343935 6.200000 -1.000000 -101.000000 0.000000 0.000000
83 1560343936 6.200000 -1.000000 -101.000000 0.000000 0.000000
83 1560343937 6.200000 -1.000000 -101.000000 0.000000 0.000000
83 1560343938 3.000000 -1.000000 -101.000000 0.000000 0.000000
83 1560343939 3.000000 -1.000000 -101.000000 0.000000 0.000000
86 1560343935 6.600000 -1.000000 -101.000000 0.000000 0.000000
86 1560343936 6.600000 -1.000000 -101.000000 0.000000 0.000000
86 1560343937 6.600000 -1.000000 -101.000000 0.000000 0.000000
86 1560343938 2.000000 -1.000000 -101.000000 0.000000 0.000000
86 1560343939 2.000000 -1.000000 -101.000000 0.000000 0.000000
83 1560343940 3.000000 -1.000000 -101.000000 0.000000 0.000000
83 1560343941 3.000000 -1.000000 -101.000000 0.000000 0.000000
83 1560343942 3.000000 -1.000000 -101.000000 0.000000 0.000000
83 1560343943 0.800000 -1.000000 -101.000000 0.000000 0.000000
83 1560343944 0.800000 -1.000000 -101.000000 0.000000 0.000000
86 1560343940 2.000000 -1.000000 -101.000000 0.000000 0.000000
86 1560343941 2.000000 -1.000000 -101.000000 0.000000 0.000000
86 1560343942 2.000000 -1.000000 -101.000000 0.000000 0.000000
86 1560343943 1.200000 -1.000000 -101.000000 0.000000 0.000000
86 1560343944 1.200000 -1.000000 -101.000000 0.000000 0.000000
83 1560343945 0.800000 -1.000000 -101.000000 0.000000 0.000000
83 1560343946 0.800000 -1.000000 -101.000000 0.000000 0.000000
83 1560343947 0.800000 -1.000000 -101.000000 0.000000 0.000000
83 1560343948 2.000000 -1.000000 -101.000000 0.000000 0.000000
83 1560343949 2.000000 -1.000000 -101.000000 0.000000 0.000000
86 1560343945 1.200000 -1.000000 -101.000000 0.000000 0.000000
86 1560343946 1.200000 -1.000000 -101.000000 0.000000 0.000000
86 1560343947 1.200000 -1.000000 -101.000000 0.000000 0.000000
86 1560343948 2.400000 -1.000000 -101.000000 0.000000 0.000000
86 1560343949 2.400000 -1.000000 -101.000000 0.000000 0.000000
83 1560343950 2.000000 -1.000000 -101.000000 0.000000 0.000000
83 1560343951 2.000000 -1.000000 -101.000000 0.000000 0.000000
83 1560343952 2.000000 -1.000000 -101.000000 0.000000 0.000000
83 1560343953 6.800000 -1.000000 -101.000000 0.000000 0.000000
83 1560343954 6.800000 -1.000000 -101.000000 0.000000 0.000000
86 1560343950 2.400000 -1.000000 -101.000000 0.000000 0.000000
86 1560343951 2.400000 -1.000000 -101.000000 0.000000 0.000000
86 1560343952 2.400000 -1.000000 -101.000000 0.000000 0.000000
86 1560343953 6.400000 -1.000000 -101.000000 0.000000 0.000000
86 1560343954 6.400000 -1.000000 -101.000000 0.000000 0.000000
83 1560343955 6.800000 -1.000000 -101.000000 0.000000 0.000000
83 1560343956 6.800000 -1.000000 -101.000000 0.000000 0.000000
83 1560343957 6.800000 -1.000000 -101.000000 0.000000 0.000000
83 1560343958 0.200000 -1.000000 -101.000000 0.000000 0.000000
83 1560343959 0.200000 -1.000000 -101.000000 0.000000 0.000000
86 1560343955 6.400000 -1.000000 -101.000000 0.000000 0.000000
86 1560343956 6.400000 -1.000000 -101.000000 0.000000 0.000000
86 1560343957 6.400000 -1.000000 -101.000000 0.000000 0.000000
83 1560343960 0.200000 -1.000000 -101.000000 0.000000 0.000000
83 1560343961 0.200000 -1.000000 -101.000000 0.000000 0.000000
83 1560343962 0.200000 -1.000000 -101.000000 0.000000 0.000000
83 1560343963 2.000000 -1.000000 -101.000000 0.000000 0.000000
83 1560343964 2.000000 -1.000000 -101.000000 0.000000 0.000000
86 1560343963 3.400000 -1.000000 -101.000000 0.000000 0.000000
86 1560343964 3.400000 -1.000000 -101.000000 0.000000 0.000000
83 1560343965 2.000000 -1.000000 -101.000000 0.000000 0.000000
83 1560343966 2.000000 -1.000000 -101.000000 0.000000 0.000000
83 1560343967 2.000000 -1.000000 -101.000000 0.000000 0.000000
83 1560343968 5.000000 -1.000000 -101.000000 0.000000 0.000000
83 1560343969 5.000000 -1.000000 -101.000000 0.000000 0.000000
86 1560343965 3.400000 -1.000000 -101.000000 0.000000 0.000000
86 1560343966 3.400000 -1.000000 -101.000000 0.000000 0.000000
86 1560343967 3.400000 -1.000000 -101.000000 0.000000 0.000000
86 1560343968 5.400000 -1.000000 -101.000000 0.000000 0.000000
86 1560343969 5.400000 -1.000000 -101.000000 0.000000 0.000000
83 1560343970 5.000000 -1.000000 -101.000000 0.000000 0.000000
83 1560343971 5.000000 -1.000000 -101.000000 0.000000 0.000000
83 1560343972 5.000000 -1.000000 -101.000000 0.000000 0.000000
83 1560343973 3.800000 -1.000000 -101.000000 0.000000 0.000000
83 1560343974 3.800000 -1.000000 -101.000000 0.000000 0.000000
86 1560343970 5.400000 -1.000000 -101.000000 0.000000 0.000000
86 1560343971 5.400000 -1.000000 -101.000000 0.000000 0.000000
86 1560343972 5.400000 -1.000000 -101.000000 0.000000 0.000000
86 1560343973 2.200000 -1.000000 -101.000000 0.000000 0.000000
86 1560343974 2.200000 -1.000000 -101.000000 0.000000 0.000000
83 1560343975 3.800000 -1.000000 -101.000000 0.000000 0.000000
83 1560343976 3.800000 -1.000000 -101.000000 0.000000 0.000000
83 1560343977 3.800000 -1.000000 -101.000000 0.000000 0.000000
83 1560343978 1.000000 -1.000000 -101.000000 0.000000 0.000000
83 1560343979 1.000000 -1.000000 -101.000000 0.000000 0.000000
86 1560343975 2.200000 -1.000000 -101.000000 0.000000 0.000000
86 1560343976 2.200000 -1.000000 -101.000000 0.000000 0.000000
86 1560343977 2.200000 -1.000000 -101.000000 0.000000 0.000000
86 1560343978 1.200000 -1.000000 -101.000000 0.000000 0.000000
86 1560343979 1.200000 -1.000000 -101.000000 0.000000 0.000000
83 1560343980 1.000000 -1.000000 -101.000000 0.000000 0.000000
83 1560343981 1.000000 -1.000000 -101.000000 0.000000 0.000000
83 1560343982 1.000000 -1.000000 -101.000000 0.000000 0.000000
83 1560343983 3.800000 -1.000000 -101.000000 0.000000 0.000000
83 1560343984 3.800000 -1.000000 -101.000000 0.000000 0.000000
86 1560343980 1.200000 -1.000000 -101.000000 0.000000 0.000000
86 1560343981 1.200000 -1.000000 -101.000000 0.000000 0.000000
86 1560343982 1.200000 -1.000000 -101.000000 0.000000 0.000000
86 1560343983 4.600000 -1.000000 -101.000000 0.000000 0.000000
86 1560343984 4.600000 -1.000000 -101.000000 0.000000 0.000000
83 1560343985 3.800000 -1.000000 -101.000000 0.000000 0.000000
83 1560343986 3.800000 -1.000000 -101.000000 0.000000 0.000000
83 1560343987 3.800000 -1.000000 -101.000000 0.000000 0.000000
83 1560343988 5.200000 -1.000000 -101.000000 0.000000 0.000000
83 1560343989 5.200000 -1.000000 -101.000000 0.000000 0.000000
86 1560343985 4.600000 -1.000000 -101.000000 0.000000 0.000000
86 1560343986 4.600000 -1.000000 -101.000000 0.000000 0.000000
86 1560343987 4.600000 -1.000000 -101.000000 0.000000 0.000000
86 1560343988 4.400000 -1.000000 -101.000000 0.000000 0.000000
86 1560343989 4.400000 -1.000000 -101.000000 0.000000 0.000000
83 1560343990 5.200000 -1.000000 -101.000000 0.000000 0.000000
83 1560343991 5.200000 -1.000000 -101.000000 0.000000 0.000000
83 1560343992 5.200000 -1.000000 -101.000000 0.000000 0.000000
83 1560343993 0.800000 -1.000000 -101.000000 0.000000 0.000000
83 1560343994 0.800000 -1.000000 -101.000000 0.000000 0.000000
86 1560343990 4.400000 -1.000000 -101.000000 0.000000 0.000000
86 1560343991 4.400000 -1.000000 -101.000000 0.000000 0.000000
86 1560343992 4.400000 -1.000000 -101.000000 0.000000 0.000000
86 1560343993 1.200000 -1.000000 -101.000000 0.000000 0.000000
86 1560343994 1.200000 -1.000000 -101.000000 0.000000 0.000000
83 1560343995 0.800000 -1.000000 -101.000000 0.000000 0.000000
83 1560343996 0.800000 -1.000000 -101.000000 0.000000 0.000000
83 1560343997 0.800000 -1.000000 -101.000000 0.000000 0.000000
83 1560343998 2.600000 -1.000000 -101.000000 0.000000 0.000000
83 1560343999 2.600000 -1.000000 -101.000000 0.000000 0.000000
86 1560343995 1.200000 -1.000000 -101.000000 0.000000 0.000000
86 1560343996 1.200000 -1.000000 -101.000000 0.000000 0.000000
86 1560343997 1.200000 -1.000000 -101.000000 0.000000 0.000000
86 1560343998 3.400000 -1.000000 -101.000000 0.000000 0.000000
86 1560343999 3.400000 -1.000000 -101.000000 0.000000 0.000000
83 1560344000 2.600000 -1.000000 -101.000000 0.000000 0.000000
83 1560344001 2.600000 -1.000000 -101.000000 0.000000 0.000000
83 1560344002 2.600000 -1.000000 -101.000000 0.000000 0.000000
83 1560344003 5.400000 -1.000000 -101.000000 0.000000 0.000000
83 1560344004 5.400000 -1.000000 -101.000000 0.000000 0.000000
86 1560344000 3.400000 -1.000000 -101.000000 0.000000 0.000000
86 1560344001 3.400000 -1.000000 -101.000000 0.000000 0.000000
86 1560344002 3.400000 -1.000000 -101.000000 0.000000 0.000000
86 1560344003 4.400000 -1.000000 -101.000000 0.000000 0.000000
86 1560344004 4.400000 -1.000000 -101.000000 0.000000 0.000000
83 1560344005 5.400000 -1.000000 -101.000000 0.000000 0.000000
83 1560344006 5.400000 -1.000000 -101.000000 0.000000 0.000000
83 1560344007 5.400000 -1.000000 -101.000000 0.000000 0.000000
83 1560344008 3.600000 -1.000000 -101.000000 0.000000 0.000000
83 1560344009 3.600000 -1.000000 -101.000000 0.000000 0.000000
86 1560344005 4.400000 -1.000000 -101.000000 0.000000 0.000000
86 1560344006 4.400000 -1.000000 -101.000000 0.000000 0.000000
86 1560344007 4.400000 -1.000000 -101.000000 0.000000 0.000000
86 1560344008 3.200000 -1.000000 -101.000000 0.000000 0.000000
86 1560344009 3.200000 -1.000000 -101.000000 0.000000 0.000000
83 1560344010 3.600000 -1.000000 -101.000000 0.000000 0.000000
83 1560344011 3.600000 -1.000000 -101.000000 0.000000 0.000000
83 1560344012 3.600000 -1.000000 -101.000000 0.000000 0.000000
83 1560344013 1.800000 -1.000000 -101.000000 0.000000 0.000000
83 1560344014 1.800000 -1.000000 -101.000000 0.000000 0.000000
86 1560344010 3.200000 -1.000000 -101.000000 0.000000 0.000000
86 1560344011 3.200000 -1.000000 -101.000000 0.000000 0.000000
86 1560344012 3.200000 -1.000000 -101.000000 0.000000 0.000000
86 1560344013 2.400000 -1.000000 -101.000000 0.000000 0.000000
86 1560344014 2.400000 -1.000000 -101.000000 0.000000 0.000000
83 1560344015 1.800000 -1.000000 -101.000000 0.000000 0.000000
83 1560344016 1.800000 -1.000000 -101.000000 0.000000 0.000000
83 1560344017 1.800000 -1.000000 -101.000000 0.000000 0.000000
83 1560344018 4.400000 -1.000000 -101.000000 0.000000 0.000000
83 1560344019 4.400000 -1.000000 -101.000000 0.000000 0.000000
86 1560344015 2.400000 -1.000000 -101.000000 0.000000 0.000000
86 1560344016 2.400000 -1.000000 -101.000000 0.000000 0.000000
86 1560344017 2.400000 -1.000000 -101.000000 0.000000 0.000000
86 1560344018 4.400000 -1.000000 -101.000000 0.000000 0.000000
86 1560344019 4.400000 -1.000000 -101.000000 0.000000 0.000000
83 1560344020 4.400000 -1.000000 -101.000000 0.000000 0.000000
83 1560344021 4.400000 -1.000000 -101.000000 0.000000 0.000000
83 1560344022 4.400000 -1.000000 -101.000000 0.000000 0.000000
83 1560344023 2.400000 -1.000000 -101.000000 0.000000 0.000000
83 1560344024 2.400000 -1.000000 -101.000000 0.000000 0.000000
86 1560344020 4.400000 -1.000000 -101.000000 0.000000 0.000000
86 1560344021 4.400000 -1.000000 -101.000000 0.000000 0.000000
86 1560344022 4.400000 -1.000000 -101.000000 0.000000 0.000000
86 1560344023 2.200000 -1.000000 -101.000000 0.000000 0.000000
86 1560344024 2.200000 -1.000000 -101.000000 0.000000 0.000000
83 1560344025 2.400000 -1.000000 -101.000000 0.000000 0.000000
83 1560344026 2.400000 -1.000000 -101.000000 0.000000 0.000000
83 1560344027 2.400000 -1.000000 -101.000000 0.000000 0.000000
83 1560344028 3.000000 -1.000000 -101.000000 0.000000 0.000000
83 1560344029 3.000000 -1.000000 -101.000000 0.000000 0.000000
86 1560344025 2.200000 -1.000000 -101.000000 0.000000 0.000000
86 1560344026 2.200000 -1.000000 -101.000000 0.000000 0.000000
86 1560344027 2.200000 -1.000000 -101.000000 0.000000 0.000000
86 1560344028 3.400000 -1.000000 -101.000000 0.000000 0.000000
86 1560344029 3.400000 -1.000000 -101.000000 0.000000 0.000000
83 1560344030 3.000000 -1.000000 -101.000000 0.000000 0.000000
83 1560344031 3.000000 -1.000000 -101.000000 0.000000 0.000000
83 1560344032 3.000000 -1.000000 -101.000000 0.000000 0.000000
83 1560344033 5.400000 -1.000000 -101.000000 0.000000 0.000000
83 1560344034 5.400000 -1.000000 -101.000000 0.000000 0.000000
86 1560344030 3.400000 -1.000000 -101.000000 0.000000 0.000000
86 1560344031 3.400000 -1.000000 -101.000000 0.000000 0.000000
86 1560344032 3.400000 -1.000000 -101.000000 0.000000 0.000000
86 1560344033 5.400000 -1.000000 -101.000000 0.000000 0.000000
86 1560344034 5.400000 -1.000000 -101.000000 0.000000 0.000000
83 1560344035 5.400000 -1.000000 -101.000000 0.000000 0.000000
83 1560344036 5.400000 -1.000000 -101.000000 0.000000 0.000000
83 1560344037 5.400000 -1.000000 -101.000000 0.000000 0.000000
83 1560344038 1.800000 -1.000000 -101.000000 0.000000 0.000000
83 1560344039 1.800000 -1.000000 -101.000000 0.000000 0.000000
86 1560344035 5.400000 -1.000000 -101.000000 0.000000 0.000000
86 1560344036 5.400000 -1.000000 -101.000000 0.000000 0.000000
86 1560344037 5.400000 -1.000000 -101.000000 0.000000 0.000000
86 1560344038 1.000000 -1.000000 -101.000000 0.000000 0.000000
86 1560344039 1.000000 -1.000000 -101.000000 0.000000 0.000000
83 1560344040 1.800000 -1.000000 -101.000000 0.000000 0.000000
83 1560344041 1.800000 -1.000000 -101.000000 0.000000 0.000000
83 1560344042 1.800000 -1.000000 -101.000000 0.000000 0.000000
83 1560344043 3.400000 -1.000000 -101.000000 0.000000 0.000000
83 1560344044 3.400000 -1.000000 -101.000000 0.000000 0.000000
86 1560344040 1.000000 -1.000000 -101.000000 0.000000 0.000000
86 1560344041 1.000000 -1.000000 -101.000000 0.000000 0.000000
86 1560344042 1.000000 -1.000000 -101.000000 0.000000 0.000000
86 1560344043 3.200000 -1.000000 -101.000000 0.000000 0.000000
86 1560344044 3.200000 -1.000000 -101.000000 0.000000 0.000000
83 1560344045 3.400000 -1.000000 -101.000000 0.000000 0.000000
83 1560344046 3.400000 -1.000000 -101.000000 0.000000 0.000000
83 1560344047 3.400000 -1.000000 -101.000000 0.000000 0.000000
83 1560344048 4.200000 -1.000000 -101.000000 0.000000 0.000000
83 1560344049 4.200000 -1.000000 -101.000000 0.000000 0.000000
86 1560344045 3.200000 -1.000000 -101.000000 0.000000 0.000000
86 1560344046 3.200000 -1.000000 -101.000000 0.000000 0.000000
86 1560344047 3.200000 -1.000000 -101.000000 0.000000 0.000000
86 1560344048 4.400000 -1.000000 -101.000000 0.000000 0.000000
86 1560344049 4.400000 -1.000000 -101.000000 0.000000 0.000000
83 1560344050 4.200000 -1.000000 -101.000000 0.000000 0.000000
83 1560344051 4.200000 -1.000000 -101.000000 0.000000 0.000000
83 1560344052 4.200000 -1.000000 -101.000000 0.000000 0.000000
83 1560344053 2.600000 -1.000000 -101.000000 0.000000 0.000000
83 1560344054 2.600000 -1.000000 -101.000000 0.000000 0.000000
86 1560344050 4.400000 -1.000000 -101.000000 0.000000 0.000000
86 1560344051 4.400000 -1.000000 -101.000000 0.000000 0.000000
86 1560344052 4.400000 -1.000000 -101.000000 0.000000 0.000000
86 1560344053 2.000000 -1.000000 -101.000000 0.000000 0.000000
86 1560344054 2.000000 -1.000000 -101.000000 0.000000 0.000000
86 1560344055 2.000000 -1.000000 -101.000000 0.000000 0.000000
86 1560344056 2.000000 -1.000000 -101.000000 0.000000 0.000000
86 1560344057 2.000000 -1.000000 -101.000000 0.000000 0.000000
86 1560344058 3.600000 -1.000000 -101.000000 0.000000 0.000000
86 1560344059 3.600000 -1.000000 -101.000000 0.000000 0.000000
83 1560344055 2.600000 -1.000000 -101.000000 0.000000 0.000000
83 1560344056 2.600000 -1.000000 -101.000000 0.000000 0.000000
83 1560344057 2.600000 -1.000000 -101.000000 0.000000 0.000000
83 1560344058 2.600000 -1.000000 -101.000000 0.000000 0.000000
83 1560344059 2.600000 -1.000000 -101.000000 0.000000 0.000000
83 1560344060 2.600000 -1.000000 -101.000000 0.000000 0.000000
83 1560344061 2.600000 -1.000000 -101.000000 0.000000 0.000000
83 1560344062 2.600000 -1.000000 -101.000000 0.000000 0.000000
83 1560344063 3.200000 -1.000000 -101.000000 0.000000 0.000000
83 1560344064 3.200000 -1.000000 -101.000000 0.000000 0.000000
86 1560344060 3.600000 -1.000000 -101.000000 0.000000 0.000000
86 1560344061 3.600000 -1.000000 -101.000000 0.000000 0.000000
86 1560344062 3.600000 -1.000000 -101.000000 0.000000 0.000000
86 1560344063 3.400000 -1.000000 -101.000000 0.000000 0.000000
86 1560344064 3.400000 -1.000000 -101.000000 0.000000 0.000000
83 1560344065 3.200000 -1.000000 -101.000000 0.000000 0.000000
83 1560344066 3.200000 -1.000000 -101.000000 0.000000 0.000000
83 1560344067 3.200000 -1.000000 -101.000000 0.000000 0.000000
83 1560344068 4.400000 -1.000000 -101.000000 0.000000 0.000000
83 1560344069 4.400000 -1.000000 -101.000000 0.000000 0.000000
86 1560344065 3.400000 -1.000000 -101.000000 0.000000 0.000000
86 1560344066 3.400000 -1.000000 -101.000000 0.000000 0.000000
86 1560344067 3.400000 -1.000000 -101.000000 0.000000 0.000000
86 1560344068 5.400000 -1.000000 -101.000000 0.000000 0.000000
86 1560344069 5.400000 -1.000000 -101.000000 0.000000 0.000000
86 1560344070 5.400000 -1.000000 -101.000000 0.000000 0.000000
86 1560344071 5.400000 -1.000000 -101.000000 0.000000 0.000000
86 1560344072 5.400000 -1.000000 -101.000000 0.000000 0.000000
86 1560344073 3.600000 -1.000000 -101.000000 0.000000 0.000000
86 1560344074 3.600000 -1.000000 -101.000000 0.000000 0.000000
83 1560344070 4.400000 -1.000000 -101.000000 0.000000 0.000000
83 1560344071 4.400000 -1.000000 -101.000000 0.000000 0.000000
83 1560344072 4.400000 -1.000000 -101.000000 0.000000 0.000000
83 1560344073 2.000000 -1.000000 -101.000000 0.000000 0.000000
83 1560344074 2.000000 -1.000000 -101.000000 0.000000 0.000000
83 1560344075 2.000000 -1.000000 -101.000000 0.000000 0.000000
83 1560344076 2.000000 -1.000000 -101.000000 0.000000 0.000000
83 1560344077 2.000000 -1.000000 -101.000000 0.000000 0.000000
83 1560344078 3.600000 -1.000000 -101.000000 0.000000 0.000000
83 1560344079 3.600000 -1.000000 -101.000000 0.000000 0.000000
83 1560344080 3.600000 -1.000000 -101.000000 0.000000 0.000000
83 1560344081 3.600000 -1.000000 -101.000000 0.000000 0.000000
83 1560344082 3.600000 -1.000000 -101.000000 0.000000 0.000000
83 1560344083 2.200000 -1.000000 -101.000000 0.000000 0.000000
83 1560344084 2.200000 -1.000000 -101.000000 0.000000 0.000000
83 1560344085 2.200000 -1.000000 -101.000000 0.000000 0.000000
83 1560344086 2.200000 -1.000000 -101.000000 0.000000 0.000000
83 1560344087 2.200000 -1.000000 -101.000000 0.000000 0.000000
83 1560344088 4.400000 -1.000000 -101.000000 0.000000 0.000000
83 1560344089 4.400000 -1.000000 -101.000000 0.000000 0.000000
83 1560344090 4.400000 -1.000000 -101.000000 0.000000 0.000000
83 1560344091 4.400000 -1.000000 -101.000000 0.000000 0.000000
83 1560344092 4.400000 -1.000000 -101.000000 0.000000 0.000000
83 1560344093 2.200000 -1.000000 -101.000000 0.000000 0.000000
83 1560344094 2.200000 -1.000000 -101.000000 0.000000 0.000000
86 1560344075 3.600000 -1.000000 -101.000000 0.000000 0.000000
86 1560344076 3.600000 -1.000000 -101.000000 0.000000 0.000000
86 1560344077 3.600000 -1.000000 -101.000000 0.000000 0.000000
86 1560344078 4.000000 -1.000000 -101.000000 0.000000 0.000000
86 1560344079 4.000000 -1.000000 -101.000000 0.000000 0.000000
86 1560344080 4.000000 -1.000000 -101.000000 0.000000 0.000000
86 1560344081 4.000000 -1.000000 -101.000000 0.000000 0.000000
86 1560344082 4.000000 -1.000000 -101.000000 0.000000 0.000000
86 1560344083 3.200000 -1.000000 -101.000000 0.000000 0.000000
86 1560344084 3.200000 -1.000000 -101.000000 0.000000 0.000000
86 1560344085 3.200000 -1.000000 -101.000000 0.000000 0.000000
86 1560344086 3.200000 -1.000000 -101.000000 0.000000 0.000000
86 1560344087 3.200000 -1.000000 -101.000000 0.000000 0.000000
86 1560344088 3.400000 -1.000000 -101.000000 0.000000 0.000000
86 1560344089 3.400000 -1.000000 -101.000000 0.000000 0.000000
86 1560344090 3.400000 -1.000000 -101.000000 0.000000 0.000000
86 1560344091 3.400000 -1.000000 -101.000000 0.000000 0.000000
86 1560344092 3.400000 -1.000000 -101.000000 0.000000 0.000000
86 1560344093 2.200000 -1.000000 -101.000000 0.000000 0.000000
86 1560344094 2.200000 -1.000000 -101.000000 0.000000 0.000000
83 1560344095 2.200000 -1.000000 -101.000000 0.000000 0.000000
83 1560344096 2.200000 -1.000000 -101.000000 0.000000 0.000000
83 1560344097 2.200000 -1.000000 -101.000000 0.000000 0.000000
83 1560344098 1.000000 -1.000000 -101.000000 0.000000 0.000000
83 1560344099 1.000000 -1.000000 -101.000000 0.000000 0.000000
83 1560344100 1.000000 -1.000000 -101.000000 0.000000 0.000000
83 1560344101 1.000000 -1.000000 -101.000000 0.000000 0.000000
83 1560344102 1.000000 -1.000000 -101.000000 0.000000 0.000000
83 1560344103 2.200000 -1.000000 -101.000000 0.000000 0.000000
83 1560344104 2.200000 -1.000000 -101.000000 0.000000 0.000000
83 1560344105 2.200000 -1.000000 -101.000000 0.000000 0.000000
83 1560344106 2.200000 -1.000000 -101.000000 0.000000 0.000000
83 1560344107 2.200000 -1.000000 -101.000000 0.000000 0.000000
86 1560344095 2.200000 -1.000000 -101.000000 0.000000 0.000000
86 1560344096 2.200000 -1.000000 -101.000000 0.000000 0.000000
86 1560344097 2.200000 -1.000000 -101.000000 0.000000 0.000000
86 1560344098 2.200000 -1.000000 -101.000000 0.000000 0.000000
86 1560344099 2.200000 -1.000000 -101.000000 0.000000 0.000000
86 1560344100 2.200000 -1.000000 -101.000000 0.000000 0.000000
86 1560344101 2.200000 -1.000000 -101.000000 0.000000 0.000000
86 1560344102 2.200000 -1.000000 -101.000000 0.000000 0.000000
86 1560344103 2.200000 -1.000000 -101.000000 0.000000 0.000000
86 1560344104 2.200000 -1.000000 -101.000000 0.000000 0.000000
86 1560344105 2.200000 -1.000000 -101.000000 0.000000 0.000000
86 1560344106 2.200000 -1.000000 -101.000000 0.000000 0.000000
86 1560344107 2.200000 -1.000000 -101.000000 0.000000 0.000000
86 1560344108 2.000000 -1.000000 -101.000000 0.000000 0.000000
86 1560344171 1.250000 -1.000000 1.250000 1.250000 0.937500
86 1560344170 1.250000 -1.000000 1.250000 1.250000 0.937500
86 1560344169 1.250000 -1.000000 1.250000 1.250000 0.937500
86 1560344168 1.250000 -1.000000 1.250000 1.250000 0.937500
86 1560344157 2.200000 -1.000000 2.200000 2.200000 2.904000
86 1560344156 2.200000 -1.000000 2.200000 2.200000 2.904000
86 1560344155 2.200000 -1.000000 2.200000 2.200000 2.904000
86 1560344154 2.200000 -1.000000 2.200000 2.200000 2.904000
86 1560344153 2.200000 -1.000000 2.200000 2.200000 2.904000
86 1560344147 2.200000 -1.000000 2.200000 2.200000 2.904000
86 1560344146 2.200000 -1.000000 2.200000 2.200000 2.904000
86 1560344145 2.200000 -1.000000 2.200000 2.200000 2.904000
86 1560344144 2.200000 -1.000000 2.200000 2.200000 2.904000
86 1560344143 2.200000 -1.000000 2.200000 2.200000 2.904000
86 1560344142 1.000000 -1.000000 1.000000 1.000000 0.600000
86 1560344141 1.000000 -1.000000 1.000000 1.000000 0.600000
86 1560344140 1.000000 -1.000000 1.000000 1.000000 0.600000
86 1560344139 1.000000 -1.000000 1.000000 1.000000 0.600000
86 1560344138 1.000000 -1.000000 1.000000 1.000000 0.600000
86 1560344137 2.000000 -1.000000 2.000000 2.000000 2.400000
86 1560344136 2.000000 -1.000000 2.000000 2.000000 2.400000
86 1560344135 2.000000 -1.000000 2.000000 2.000000 2.400000
86 1560344134 2.000000 -1.000000 2.000000 2.000000 2.400000
86 1560344133 2.000000 -1.000000 2.000000 2.000000 2.400000
86 1560344127 2.400000 -1.000000 2.400000 2.400000 3.456000
86 1560344126 2.400000 -1.000000 2.400000 2.400000 3.456000
86 1560344125 2.400000 -1.000000 2.400000 2.400000 3.456000
86 1560344124 2.400000 -1.000000 2.400000 2.400000 3.456000
86 1560344123 2.400000 -1.000000 2.400000 2.400000 3.456000
86 1560344122 2.200000 -1.000000 2.200000 2.200000 2.904000
86 1560344121 2.200000 -1.000000 2.200000 2.200000 2.904000
86 1560344120 2.200000 -1.000000 2.200000 2.200000 2.904000
86 1560344119 2.200000 -1.000000 2.200000 2.200000 2.904000
86 1560344118 2.200000 -1.000000 2.200000 2.200000 2.904000
86 1560344117 3.200000 -1.000000 3.200000 3.200000 6.144000
86 1560344116 3.200000 -1.000000 3.200000 3.200000 6.144000
86 1560344115 3.200000 -1.000000 3.200000 3.200000 6.144000
86 1560344114 3.200000 -1.000000 3.200000 3.200000 6.144000
86 1560344113 3.200000 -1.000000 3.200000 3.200000 6.144000
86 1560344112 2.000000 -1.000000 2.000000 2.000000 2.400000
86 1560344111 2.000000 -1.000000 2.000000 2.000000 2.400000
86 1560344110 2.000000 -1.000000 2.000000 2.000000 2.400000
86 1560344109 2.000000 -1.000000 2.000000 2.000000 2.400000
83 1560344162 0.200000 -1.000000 0.200000 0.200000 0.024000
83 1560344161 0.200000 -1.000000 0.200000 0.200000 0.024000
83 1560344160 0.200000 -1.000000 0.200000 0.200000 0.024000
83 1560344159 0.200000 -1.000000 0.200000 0.200000 0.024000
83 1560344158 0.200000 -1.000000 0.200000 0.200000 0.024000
83 1560344157 0.800000 -1.000000 0.800000 0.800000 0.384000
83 1560344156 0.800000 -1.000000 0.800000 0.800000 0.384000
83 1560344155 0.800000 -1.000000 0.800000 0.800000 0.384000
83 1560344154 0.800000 -1.000000 0.800000 0.800000 0.384000
83 1560344153 0.800000 -1.000000 0.800000 0.800000 0.384000
83 1560344147 2.200000 -1.000000 2.200000 2.200000 2.904000
83 1560344146 2.200000 -1.000000 2.200000 2.200000 2.904000
83 1560344145 2.200000 -1.000000 2.200000 2.200000 2.904000
83 1560344144 2.200000 -1.000000 2.200000 2.200000 2.904000
83 1560344143 2.200000 -1.000000 2.200000 2.200000 2.904000
83 1560344142 1.200000 -1.000000 1.200000 1.200000 0.864000
83 1560344141 1.200000 -1.000000 1.200000 1.200000 0.864000
83 1560344140 1.200000 -1.000000 1.200000 1.200000 0.864000
83 1560344139 1.200000 -1.000000 1.200000 1.200000 0.864000
83 1560344138 1.200000 -1.000000 1.200000 1.200000 0.864000
83 1560344132 0.400000 -1.000000 0.400000 0.400000 0.096000
83 1560344131 0.400000 -1.000000 0.400000 0.400000 0.096000
83 1560344130 0.400000 -1.000000 0.400000 0.400000 0.096000
83 1560344129 0.400000 -1.000000 0.400000 0.400000 0.096000
83 1560344128 0.400000 -1.000000 0.400000 0.400000 0.096000
83 1560344127 1.800000 -1.000000 1.800000 1.800000 1.944000
83 1560344126 1.800000 -1.000000 1.800000 1.800000 1.944000
83 1560344125 1.800000 -1.000000 1.800000 1.800000 1.944000
83 1560344124 1.800000 -1.000000 1.800000 1.800000 1.944000
83 1560344123 1.800000 -1.000000 1.800000 1.800000 1.944000
83 1560344122 1.000000 -1.000000 1.000000 1.000000 0.600000
83 1560344121 1.000000 -1.000000 1.000000 1.000000 0.600000
83 1560344120 1.000000 -1.000000 1.000000 1.000000 0.600000
83 1560344119 1.000000 -1.000000 1.000000 1.000000 0.600000
83 1560344118 1.000000 -1.000000 1.000000 1.000000 0.600000
83 1560344117 3.200000 -1.000000 3.200000 3.200000 6.144000
83 1560344116 3.200000 -1.000000 3.200000 3.200000 6.144000
83 1560344115 3.200000 -1.000000 3.200000 3.200000 6.144000
83 1560344114 3.200000 -1.000000 3.200000 3.200000 6.144000
83 1560344113 3.200000 -1.000000 3.200000 3.200000 6.144000
83 1560344112 1.400000 -1.000000 1.400000 1.400000 1.176000
83 1560344111 1.400000 -1.000000 1.400000 1.400000 1.176000
83 1560344110 1.400000 -1.000000 1.400000 1.400000 1.176000
83 1560344109 1.400000 -1.000000 1.400000 1.400000 1.176000
83 1560344108 1.400000 -1.000000 1.400000 1.400000 1.176000
